ulasan,rating,Label
"aplikasi favorit buat belanja online, ui simple, mitra/toko ada terpercaya. belakangan suka kesel proses pengiriman barang jauh melebihi estimasi waktu pengiriman. oleh ekspedisi sama ekspedisi banyak orang keluhkan, lion parcel. sering jadi was-was kalo paket handover lion parcel. copot aja mitra ekspedisi, masalah ekspedisinya. pelayanannya, pegawainya, pengirimannya, masalah semua. review playstore di google maps 3*",5,Positif
"aplikasi nya bagus, nya update tan terakhir . sekarang ada update tan, update tan nya malah bikin susah akses, wishlist hilang menu keranjang, lalu di keranjang menghapus otomatis, klik tong sampah/recycle bin. buat kan update mempermudah. jangan malah mempersulit pelanggan. kembali kan updaten awal",1,Negatif
"aplikasi yg sangat bagus membantu. sekedar saran saja. baiknya expedisi yg banyak komplain bagus jgn ikut sertakan. merugikan pembeli jg merugikan penjual membuat nama tokopedia menjadi buruk. toko/penjual yg banyak komplain ( packing tidak aman, mengirimkan produk bermasalah, membuat harga murah fiktif padahal barang tdk hanya merusak harga, kurang responsif )baiknya keluarkan dapat merugikan pembeli merepotkan pihak tokopedia. trims",5,Positif
"apk udah gak aktif sejak beberapa bulan yg lalu. pengalaman order produk ekspedisi sicepat, butuh waktu 14 hari dong yg 3 hari paling lama 4 hari. udah senang limit 500rb paylater toped. pembayaran gak pernah lewat jatuh tempo. beberapa bulan lunas, berharap nilai limit tambah sesudahnya gak bertambah tetap 500rb. kesannya ada pengalaman belanja yg baik. udah paling nyaman apk oren. terimakasih banyak atas pengalaman nya.",2,Negatif
"app nya jadi aneh, loading lambat, fitur hapus keranjang ribet, enak yg dulu tinggal swipe. minim promo, banyak produk yg udah di label bebas ongkir, jadi bayar ongkir. biasanya sekelas official store, semua produknya bebas ongkir, sekarang udah beda. kayanya udah waktunya buat salam perpisahan ama goto. si ijo udah berubah mau tokopedia ataupun gojek. padahal dulu jadi andalan banget, maaf pindah lain hati yg lebih user friendly, terimakasih 🙏",1,Negatif
"daridulu punya apk nya tp blm pernah daftar krn biasa aja. daftar pertama pake sbg pengguna baru, muncul vc diskon cashback gratong dll. udah co eh pesanan dibatalkan sistem. mau coba co lg vouchrnya udah ilang krn kepake transaksi pertama tadi. kl niat mending gausah deh hihi.",1,Negatif
"tokopedia sering ngefreeze teros kalau belanja kadang keluar diskon tiba tiba hilang dana dikembalikan pembayaran, alasan memenuhi syarat, memang sistem nya error seharus nya awal bisa, mana uang gk bisa kembali, ngestuck saldo tokopedia dapat ditarik, yang laen jangan coba belanja tokopedia, kalau belanja jangan lihat promo hilang harga mahal. membantu sama sekali balasan nya terima kasih",1,Negatif
"ada pemberitahuan mesti update, semuanya jadi serba lama, kada nge freez, kadang aplikasi berjalan, padahal di update awal pake udah bertahun tahun lancar banget, olshop paling enak lancar pake, banyak pembaruan malah jadi jelek. diperbaiki, saya lebih memilih sedikit fitur kaya sebelumnya lancar pada banyak fitur pop up promosi malah bikin jadi lemot.",2,Negatif
"semua ekpedisi pernah gunakan, baru satu ekspedisi jne paling buruk. trackingnya update titik pengirimannya paling sangat lambat. ditracking kamis siang sampai gudang bae kudus, tinggal pengiriman kurirnya saja. hingga sabtu siang belum tidak lanjut. terpaksa beri bintang satu ekspedisi tersebut digunakan aplikasi tokopedia ini.",1,Negatif
disuruh update..tapi diupdate gak bisa..muter terus..jadi gak belanja tokopedia..sampai ini bisa instal ulang terus muter saja...instalnya sanhat lambat padahal sinyal kuat..muter2 terus berjam2..,1,Negatif
"sangat-sangat kecewa sudah cari tutorial berbagai sosmed bagaimana tokped cod. langsung coba hasilnya nihil, adain cod setiap kategori adanya persyaratan bukan gimana-gimana semua orang punya debit,atm dll. hanya bayar cod",1,Negatif
"jangan kerjasama id express, barang selalu ngga kirim. sudah beberapa kali cek status resi, belum pickup 2 hari keterangan jadwalkan ulang kurir. barangnya selalu lama kirim sudah di gerai, lewat waktu estimasi. di pertimbangkan kenyamanan customer",1,Negatif
"e-commerce paling menyebalkan. program gratis ongkir bisa pilih kurir & otomatis dipilihkan sistem. alhasil selalu dikirim si cepat ekspedisi sangat not recomended, paket muter2 udah sampe kota malah kembalikan ke pusat. pelayanan cs lambat",1,Negatif
"kurir rekomendasi mengecewakan, paket diambil sicepat (gercep bakalan cepet nih) tiba-tiba ganti sapx (kok paket jalan tetep jakarta, wah beres) . bekasi bayumas 5 hari sampai paketnya. harusnya 2-3 sampai. saran!!! mungkin ditambahkan menu customer memilih 2-3 kurir nantinya otomatis dipilih sistem kurir rekomendasi. jadi customer milih mitra pengiriman tercepat daerahnya.",1,Negatif
"kedepanya, beri fitur bintang penilaian khusus pelayanan jasa pengiriman, karna sering sekali adanya keterlambatan jasa kirim, jadi acuan data goto kordinasi jasa pengirima yg kerjasama goto jasa kirim selalu tepat waktu lebih sigap ( paham harga kwalitas) kalo yg murah tidak, masih bisa di maksimalkan. terkadang barang yg sudah sesuai kena imbas bintang 1 gara² jasa kirim yg lama",1,Negatif
"bisa chat langsung cs, cuma chat bot masalah tidak teratasi. mending balik shope, responsif cs nya kendala kurir lemot, entah kalau tokopedia kurir nya lama sekali. sistemnya agak merepotkan, ayolah berbenah.",1,Negatif
upload foto video ulasan. kuota banyak tetep lemot yah.. skrg ad nambah 2 biaya.. biaya layanan biaya aplikasi.. apa apaan coba. terima kasih menemani belanja selama inih. jumpa lain waktu.,1,Negatif
aplikasi berjalan normal. kemu gkinan bug apalah atau aplikasi cocok hp jelek karna cuma punya hp jelek murahan. halaman awal membuka aplikasi semakin simple semakin baik.,1,Negatif
"sejak 07 oktober 2023, aplikasi sering muncul beranda handphone tiba-tiba, sangat mengganggu sekali sedang melakukan aktifitas menggunakan handphone. sudah coba setting beberapa kali hasilnya tetap sama saja, terpaksa aplikasi tokopedia hapus handphone. 🙏",1,Negatif
gratis ongkir gak niat minimal milih ekspedisi lah. masak dipilihin. seringnya pake si cepat. si cepat ditempatku paling lemot. tiru tuh aplikasi oren. milih.,1,Negatif
"sy pengguna toped jam. tampilan keranjang lebih baik versi sebelumnya. halaman cekout ditampilkan berat tiap item, total berat barang. di update sperti sebelumnya.",2,Negatif
"makin kesini makin berat aja aplikasi. padahal hp gak jadul2 amat(redmi note 10 pro +realme 6 pro) .. penggunaan wifi (rumah+kantor) berat, penggunaan datapun berat. dulu paling suka aplikasi karena 1(satu) harga =1(satu) produk. lebih akurat aja kalau pengen cari sesuatu.sekarang malah kayak toko oren yg postingan terdapat banyak produk banyak harga",2,Negatif
"aplikasinya semakin lama semakin berat,untuk belanja pake gratis ongkir sekarang diantar lama,padahal dulu kalau gratis ongkir asalkan daerah jakarta langsung diantar datang,kalau sekarang nunggu 3 hari baru datang,masa kalah sama oren..udah belanja nya berapapun tetap gratis ongkir ,dan tetap diantar hari sama,kecuali kalau pesannya malam,baru diantar besok pagi...haaah makin lama makin malas tokopedia,tapi cuma yang percaya... dahlah",2,Negatif
"tokopedia sekarang gajelas, sistem rekomendasi kurir, paket tiba-tiba dipindah ekspedisi lain. akan dijamin keselamatan paket kita? 1 jasa ekspedisi aja udah ribet ngurusnya kalo masalah. mending pake aplikasi deh👎👎👎. kemunduran tokopedia, inovasi menambah masalah, pengiriman jadi lama. biasa aplikasi 1-2 hari barang sampai. sekarang pakai tokopedia 1 minggu menunggu paket, pindah-pindah jasa ekspedisi.",2,Negatif
"memiliki promo unggulan gratis ongkir buruk!! durasi pengiriman lama, memungkinkan paket datang kondisi rusak. memberikan promo kualitas!! so, hindari pake gratis ongkir perlu cepat terutama barang pecah belah.",1,Negatif
aplikasi tokopedia sekarang semakin berat & loading lama terkadang force close sendiri..semakin pembaharuan semakin parah aplikasinya..belum ditambah pengiriman jasa kurir sekarang lama sampainya 1 mingguan terutama jasa kurir sicepat/sigesit/halu.,1,Negatif
"aneh sekali, padahal pencet check out baru aja milih pembayaran udah gak di gunain (utk pengguna baru). pada pemilihan pembayaran loadingnya lama padahal jaringannya aman2 aja. di perbaiki sistem kerjanya.",1,Negatif
"hapus aja sistem kurir rekomendasi (tidak berguna) banyak komplain sistem kurir rekomendasi tidak efektif. paket seharusnya diantar malah berputar-putar satu tempat 1 minggu. jujur sistem kurir rekomendasi lebih baik dihapus tidak efisien dibenahi sistemnya. rusak tokopedia, hilang kepercayaan pembeli tokopedia bertolak belakang iklan tokopedia kurir rekomendasi katanya lebih aman tepat waktu.",2,Negatif
"aku transfer tokopedia tadi mlm kok barang blm proses malah muncul pemberitahuan menunggu pembayaran, aplikasi lemot sekali padahal pertama kali aku belanja platform ini. kecewa saya, mau komplain dm instagram gk 🔥😡",1,Negatif
"maaf developer, kayaknya masalah modul transaksi sampe turunannya, tadi ngfreeze di detail pesanan, mudah2an gk kena marah sama tim leader nya, membantu saja, tetep kasih bintang 5",5,Positif
"baru pertama download , cobain aplikasi , pasdi checkout gak kendala apa apa , bayar tiba tiba transaksi dibatalkan sistem, alasan yg jelas , biasa nya toko sebelah kita buat orderan kalo memang kendala apapun gak melanjutkan transaksi dong , lah pas udh bayar tiba tiba batalkan sistem , duit masuk tokped uang admin ilang , jangan di download lah kalo gak mau kejadian apa yg alami",1,Negatif
"sekarang proses pengiriman pernah up to date.... jadi buyer tau orderan sampai mana... gk kayak dulu, selalu laporan perjalanan paket, tau kapan nyampenya, bisa nunggu, sekarang toped... tak punya perhatian, cuma jadi perantara aja tanggung jawab ekspedisi, waktu kirim sekarang lebih lama,",2,Negatif
"driver gojek, saya merasakan kecurangan pembeli menggunakan apk ini. letak kecurangannya pada fitur pin poin alamat tujuan/pembeli. alamatnya sesuai titik bisa 5 kiloan lebih jaraknya. saya kurang paham ulah darpada seller/buyer sengaja merubah pin poin ongkos kirim jauh lebih murah. disayangkan kebanyakan itu dilakukan pembeli yang bisa bilang berada ( rumahnya besar, punya mobil ) sungguh licik bukan..",1,Negatif
"bisa membuka metide pembayaran, selalu freeze, aplikasi menanggapi... kemudian ku check ternyata update playstore, di update app malah blank gak produk apapun yg muncul",2,Negatif
parah benar kali tokopedia.. tiba-tiba ngirim notifikasi kalo akun melanggar s&k promo yg berlaku.. akun utk belanja menggunakan hak promo pun voucher akun saya.. aneh tokopedia makin depan upgrade nya tokopedia makin jelas.. semoga cepat nggak di pakai org lagi ini aplikasi... biar tau rasanya kehilangan konsumen.,1,Negatif
"animasi antarmukanya udah bagus cuma ongkir+biaya apknya kelewat mahal, bonus cashback gk kerasa, malah kayak byr normal toko offline beda dg thn 2021 msh bagus thn itu, byk voucher diskon yg gk dipakai karna syarat2nya, coba diperbaiki lg sistem2 toped jd sama2 enak kyk win2 solution 50:50, gitu. memang mau menuju toko offline? thanks",2,Negatif
"cashback semakin sedikit,gk kayak dulu yg sampe 5-10% gk gratis ongkir instan,gratis ongkir expedisi jg minimal belanja msh tinggi cashback yg besar untuk pembayaran cicilan, tp sama aja cashback nya buat bayar bunga cicilan",4,Positif
tokopedia update..tapi di instal berjam2 muter2 saja..sekarang gak pakai tokopedia..karena sulitnya instal update tokopedia..mending tak buang ganti toko sebelah..sampai sekarang bisa..tertunda masih muter2,1,Negatif
"baru kali tokopedia bikin kecewa, semenjak adanya perubahan potongan ongkir udah gak ngasi full diskon ongkir 40 rb kalo total belanjaannya dibawah 100 rb, padahal satu satunya butuhin pas belanja online cuman gratis ongkir, itu lah sekarang kurang ngandelin tokopedia, voucher dikasi kebanyakan gak berguna saya kayak cashback sama diskon merek tertentu, saya lebih suka tokopedia dulu ketimbang saat",1,Negatif
"halo tokopedia, update lebih seminggu lalu, kali cek transaksi berlangsung ingin membuka status transaksi, malah selalu ke home. saya bisa cek status transaksi sampai mana. ini jg menunda saya untuk melakukan transaksi pembelian lg sejak masalah ini. diperbaiki bisa digunakan kembali. terima kasih",1,Negatif
"gratis ongkir tokopedia lelet, padahal kerjasama sama si cepat tetep aja lelet. mending ganti nama aja si lelet jangan si cepat. nama kualitas kerja berbanding terbalik. maklum lah namanya aja gratisan",1,Negatif
"awalnya tertarik tokopedia sekarang jadi malas pake tokopedia karna iklan nya sangat mengganggu, selalu paksa menonton iklan tokopedia sangat mengganggu saya, iklan kalian bikin yang tadinya tertarik jadi mau pake lazada",1,Negatif
jadi malas belanja tokopedia ngasih bebas ongkir jasa expedisi tentukan kita memilih expedisi kita mau jasa di tentukan pihak tokopedia proses pengirimannya jelas di oper-oper kaya main bola untuk nyampe tujuan sangat lambat terlalu banyak buang waktu biasanya jakarta-karawang cuma 1 hari jasa pilihan toko pedia bisa sampai 1 minggu paling cepat 3-4 hari,1,Negatif
berikan bintang 1 sy mau bertanya tokopedia tokopedia shop milik tokopedia bukan dikarena kan diundang mengikuti misi misi sudah kerjakan top up sebenar 550.000 ketika melanjutkan misi top up sebesar 550.000 tarik di refund rek. tindak penipuan kalau memang tdk menyelesaikan misi untuk dana sebelumnya di refund saat ini dana 550k tidak bisa saya ambil!!!!!,1,Negatif
"promo gratis ongkir cuman 20.000 itu semisal pakai kurir a tiba2 ubah kurir b mengecewakan saya, pakai tokopedia lama baru saya merasakan pelayanan mengecewakan tiba2 paket di kirim menggunakan kurir kenapa di konfirmasi dahulu. bukan kurir jne lah,",1,Negatif
"sangat kecewa kalau tokopedia membiarkan id express menjadi expedisi pengirimannya .. sangat buruk kerjanya id express .. pesanan cuma notif "" pesanan di antar pembeli "" 3 hari berubah . kurirnya setress malas malasan emang id express sangat buruk niat jadi aplikasi pengiriman .. id express sangat buruk",1,Negatif
"amit2 dah,barang aku stuck penjual,gara2 tokopedia kerjasama ntah sama ekspedisi mana,udah 2 minggu barang aku stuck,kalo lacak tiap hari update kurir sedang perjalanan mengambil pesanan dari toko penjual,padahal udah 2 minggu sampe hari updatenya sama,gila emang tokopedia,saran aku mending uninstal,bagaimanapun lebih baik shopee.",1,Negatif
"salah satu e-commerce yg gak direkomendasikan,, bukan nya untung malah ngerugiin , beli barang bayar alfamart pas bayar tiba tiba dibatalkan sistem , alhasil saldo yg tidak sesuai apa yg kita bayarkan kalau bayar di alfa kena admin , rugiiii",1,Negatif
"transaksi berhasil tidak pemberitahuan itu sebenarnya berhasil tidak tidak di history limit kartu kredit terpotong pengembalian nya susah, jadi kecewa ama tokopedia mending pindah shopee ato blibli deh. mana gede",4,Positif
"update lancar, giliran update ko mlah ngga buka, dong di perbaiki lagi, sinyal tidak masalah, buka aplikasi lancar, cuma buka aplikasi tokopedia bermasalah. terimakasih",1,Negatif
"tindak tegas seller selalu jualan ngawur. order apa dikirim item lain. semacam barang lama dikirim biar laku. ngabisin stok lama, jadi asal kirim tuh sellernya. sama dengan penipuan itu. berarti tokopedia beri jalan ama tuh penipu.",1,Negatif
langganan plus masa 6 bulan. sudah dua kali barang dikirim pengantaran antaraja status berhasil barang di terima. pengiriman antaraja dihapus lamgganan plus... terimakasih,1,Negatif
"bukti foto barang diterima/ terkirim baru terbuka klik selesai pesanan? sebaiknya terlihat dulu foto bukti kurir mengirim barang, baru buyer yakin mengklik selesai pesanan.",5,Positif
"sekarang belanja ditoped jadi gak nyaman pengiriman sangat lama kurir recomendasi gak recomen dah aturan 2 hari nyampe 7 hari baru nyampe kalo begini terus lama2 toped pada ditinggalin pelanggan biasanya belanja disini seminngu 3-4kali sekarang jadi jarang mungkin 3bln sekali, males itu tadi, diperbaiki sistemnya",1,Negatif
"iklannya sangat ganggu wkt buka app lain, percuma bnykin iklan..susah pilih ekspedisi,promo ribet, produk yg dijual lengkap membosankan , itu2 krn dimonopoli 'dilayani tokopedia'..hrg kejar diskon up dulu krn diskon, memang segitu harganya, uninstall",1,Negatif
"pengalaman terkait tokopedia ini, bagus aplikasinya penggunaan. semoga tokopedia bisa lebih bagus, lebih baik lebih maju lagi. terkait kendala, disitu solusinya. pokoknya its ok 👍",5,Positif
"aplikasi kok jd tdk berjalan, baru beranda awal aja udah buffering. gak pencet opsi apapun. gimana tokped, kok kualitasnya gini amat. jd terhambat bgt mau akses pake tokped , udah 3 hari loh sama",5,Positif
"promo modus pakai malah dibataikan sepihak sama tokopedia bagaimana ?????selama 2023 banyak kebijakan yg merugikan pembeli tokopedia,mending belanja di lazada banyak promo nya gratis ongkir cepat sampai nya",1,Negatif
"bayar tokopedia plus dapat kurir spax, sdh di kota penerima masih diantar2, percuma jadi member plus!!! aplikasi lemot terutama pakai wifi (30mbps)",1,Negatif
"kapok.belanja di.tokopedia,proses pengiriman lama sekali,1 minggu sampai,apalagi kurir id expres niat kerja,,enakan belanja shopi proses cepat 2/hari dah jarak pengiriman sama",1,Negatif
dikasih promo pengguna baru 30 udah cekout bayar indomaret malah dibatalkan mentah2 sama sistem kok si padahal pernah download tokopedia sebelumnya beli hp keadan baru. saya juga belum pernah login sama sekali,1,Negatif
"nyoba tokped maju mundur ternyata boomm, nyaman sama sekali. kena admin malah pesanan batal. sorry banget auto uninstall balik toko oren. lagi"" belanja lewat marketplace ini.",1,Negatif
"hilangkan kurir rekomendasi. nyatanya rekomendasi.. biasanya pake jnt 3 hari. pake kurir rekomendasi malah oper kebeberapa kurir. awal jne, oper sicepat, oper id express. akhirnya ulasan terbit, paketan sya hilang.. horeee.. lucu nya, kurir ngasih bukti pengiriman foto bukan rumah saya, bukan saya, bahkan bukan paketan saya.. yang di foto paketan orang lain. lokasi bukan lokasi saya... horee lagi....",1,Negatif
"belanja biasanya 4-5 hari selesai. sudah 20 hari lebih barang datang, nyasar, dana dikembalikan full, padahal kesalahan kurir. mengecewakan tokopedia berlabel kurir rekomendasi pelayanan ini.",1,Negatif
"apk jual beli paling parah, pemilihan kurir pengiriman dilakukan kurir yg bermutu, lambat. melakukan komplain paling susah pdhl jaringan bagus tp sering kluar sendiri mau upload video",1,Negatif
"terlalu sering update, layanan tdk berubah, layanan paket terkesan tdk evisien, status sdh tiba d lokasi penerima , estimasi tgl 1-5 sdh d daerah lookasi penerima tgl 1-2 , knp kirim nya hrs mundur sampe tgl 5,??? tdk kah lbh cepat dr tgl estimasi nya?",2,Negatif
"tokopedia sangat disayangkan penanganan kendala lambat lama sudah pribadi merasa dirugikan , harusnya expedisi disiapkan diawasi,tolong kendala saya dipercepat, orang belanja pengen cepat eeeeeh malah lama parah",1,Negatif
"cukup ok, kalau aplikasinya lebih optimal agar dipakai mencari barang lebih lama lag kadang malah nge freze update padahal dulu lancar lancar edit : baru dicoba update versi 3.238.1 lumayan lebih lancar terus update selama menggunakan tokopedia",5,Positif
"langganan plus sekarang jatah berapa min perbulan??? rugi ya??? baru dipake beberapa kali udah habis layananya. suruh nunggu tanggal 1 lagi. dulu tak terbatas, mungkin krn banyak seller yg pake jadi rugi tiap hari bebas ongkir. kaga usah promosiin layanan plus min. tokped sekarang beda sama tokped yg dulu. beralih ke toko orenge",1,Negatif
kocak. kebanyakan biaya admin. aplikasi ribet. saldo refund saldo tokped. bisa ditarik dibawah minimal penarikan. bisa isi saldo tokped juga. kocak lol........,1,Negatif
"marketplace yg ongkirnya paling mahal antara yg lain,terutama luar jabodetabek.proses klaim voucer ribet,ada yg masukin manual.harga barang terbilang lebih mahal antara yg lain.",2,Negatif
"aplikasi nya mantul mudah paham banyak promo,pokoknya mantap,,,tapi 1 kekurangan tidak bayar pake aplikasi dana mohon tambahkan metode pembayaran nya pake dana🙏🙏 plissss",5,Positif
alasan knp gk pernah belanja sini ngasih promo potongan 30 ribu gak niat selalu cancel sistem .. gak pernah diskon potongan menarik... gk kompensasi pesanan dibatalkan seller.,1,Negatif
"sih barangnya gak pernah diproses, padahal udah nyoba 3 kali bayar pakai bank dibayar, masih tetap ""menunggu pembayaran"" waktunya habis. kenapa fitur cod(cash on delivery) sudah tidak hhhhhhhhhhh 😒",1,Negatif
"pertanggungjawaban atas barang yg dikomplain, tokopedia care tidak sama aja kalau aplikasi shopee jelas ada batas waktu penyelesaian nya, melebihi dana langsung balik pembeli.",1,Negatif
"promo cashback gratis ongkir digabung banyak syarat. saran jaman sedang sulit jangan banyak potongan seller tambahan biaya transaksi buyer... transaksi sekarang kena biaya 1k, promo cashback + gratis ongkir banyak syaratnya.",4,Positif
"sejak bbrp hari yg lalu menggunakan aplikasi ini. di buka tidak tampilan toko / jualan barang sama sekali. hari tgl 10 okt 2023, re instal aplikasi toped. saya coba log in (pakai no hp), tetap gak masuk aplikasi. muter2 terus ""crusor"" nya. ada apa ya?",2,Negatif
"semenjak di-update aplikasi tokopedia jadi lamaaaaaaa banget aksesnya, mau belanja lama loading gambarnya, kalo akses barangnya. padahal internet lancar",1,Negatif
"transaksi digagalkan sistem, kupon diskon gak balikin!!! sialan emang harusnya kan balik, dipakai transaksi selanjutnya ..",1,Negatif
"aplikasi sangat membantu sekali temen temen malas panas panasan belanja diluar, aplikasi banyak sekali barang barang kita chek out sesuai ke inginan kita...recomend deh aplikasinnya🥰🥰🥰",5,Positif
"bebas ongkir bisa pilih jasa pengiriman, bisa kurir rekomendasi. kurir rekomendasi selalu yg abal abal, jadi lama sampainya",2,Negatif
kurir rekomendasi tokopedia dipilihkan paling mahal si gak standar yang ongkir lebih murah pengen belanja jadi pikir pikir 2 kali padahal berat nya cuma kilo jadi mahal banget harus bayar tambahan ongkir 😞 sebelah ongkir 2 kilo mah apa apa tolong kurir sapx nya pengiriman nya lama lelet banget,1,Negatif
2x co aplikasi selalu batalkan pihak tokped nya apa ?? akun saya? tdk double transaksi pembayaran nya transfer knp batalkan sepihak .. apk jelas,1,Negatif
"member diamond tokopedia, komplainan tangani baik. belanja tgl 6 okt sd tgl 21 barang sampai, tp pihak toped bs apa2. cuma suruh sy nunggu investigasi. uda tunggu 7 hari pun, suruh nunggu lagi. profesional banget.. masa mikir cust beli barang dr tgl 6 tgl 21 smpe. suruh tunggu investigasi trus. kelewatan banget.. awal ny janji klo tgl 14 barang sampai, uda refund. skrg uda tgl 21 pun tidak di proses2.",1,Negatif
kecewa atas layanan tokopedia retur barang. iming iming pengiriman cepat bila sdh retur barang rusak berminggu minggu kunjung selesai. terpaksa sy pindah brand sebelah. terima kasih.,1,Negatif
tetap semangat min berikan pelayanan terbaik fokus sama apa bisa dijangkau ngak usah tanggapin komentar sifatnya ngak membangun lebih nyaman pakai tokopedia jelas barang sampai tujuan.👍,5,Positif
"promo pengguna baru bisa dipakai semua, terdeteksi pelanggaran kesamaan alamat identitas pengguna lain. satu keluarga 1 akun??? gak mungkin lah kebutuhannya aja beda",1,Negatif
"terkadang dipertengahan bulan ekspedisi antaraja & sicepat klo sepi, pengiriman bakal semakin cepat (pilih gratis ongkir pernah diproses pengirimannya slma 1 hari ""next day""). semoga sistem proses komplain yg reviewku sblmnya perihal batal selesai, tdk kena lgi sayang sekali game mini si maskot tokped & telur berisi hadiah tdk lgi, pdhl seru",4,Positif
maaf sya hapus aplikasinya.. sya baru pertama kali pakai tokopedia maau belanja uda pembayaran katanya pesanan dibatalkan otomatis sama sistemnyaa uangnya hrus refund sendiri biar ke rek kita. ribet amat...bingung... uda make 4 hp gitu juga.. byeee tokopedia,1,Negatif
"bintang satu, war diskon, war wib, war 10.10 war pukul 14.00wib ilusi penipuan nyata, ada countdown (hitung mundur), ada kuota barangnya, dimenit 13.59 paket habis tidak diakses, menit 14.01 baru di akses dengan stok barang seakan-akan habis terjual, bukan iklan lagi, penipuan",1,Negatif
"aplikasi tolol, sangat buruk. tiap kali gua maen game, iklan aplikasi sangat mengganggu. aplikasi gak laku, udah gak usah maksain. gua download cuma pengen komen aja.",1,Negatif
"hapus ekspedisi anteraja layanan pengiriman tokopedia. pengiriman paketnya super lama, paket 3 hari sampe kota tujuan, pengiriman alamat tujuannya nunggu waktu estimasi, giliran mau diambil sendiri gerai, malah gak karena gak layanan ambil paket gerai, bgst...",1,Negatif
"tokopedia payah banget! katanya pengguna baru kasih murah harganya. eh pas mau beli barang nya, malah di gagal sistem? kalo gak niat kasih mending hapus aja tuh program nya. bikin kecewa aja",1,Negatif
"pantes marketplace sepi ya........ percuma ngasih bonus pembayaran batalkan,buang2 waktu..aneh katanya belanja dpt disk 30 rb tp setelah barang cashback muncullllllll. harusnya kalo bisa ..dari awal keterangan dooong. mending tko oren.. padahal banyak komplenan knp di tangani gt loooohhhh.",1,Negatif
lama mengunakan tokopedia bagus lengkap buat bayar bayar belanja..tapi kurir rekomendasi nya bikin jadi malas belanja disini..,5,Positif
"menyesal pakai tokopedia, komplain semua jawab auto. tdk gunanya menjelskan masalah kita. komplain produk terlambat, estimasi tiba berubah, mau cancel. jawabannya maaf tanya . . . . kalau barangnya di terima apknya langsung ku hapus...",1,Negatif
"gratis ongkir/kurir rekomendasi sangat menyebalkan. sering kali pihak kurir nahan barang! biasa nya jne. dikomplain sampai batas estimasi habis. kalo barang nya baju sih gahawatir. kalo elektronik. bikin galau pembeli..! yakin, seller juga galau malas ngeladenin barang komplain.",1,Negatif
"kenapa dah kalo mau pilih metode pembayaran lama banget looding nya,padahal sinyal lancar,tolong diperbaiki bug apalah",1,Negatif
"aplikasi yg sangat bagus membantu. sekedar saran saja. baiknya expedisi yg banyak komplain bagus jgn ikut sertakan. merugikan pembeli jg merugikan penjual membuat nama tokopedia menjadi buruk. toko / penjual yg banyak komplain ( packing tidak aman, mengirimkan produk bermasalah, membuat harga murah fiktif padahal barang tdk hanya merusak harga, kurang responsif )baiknya keluarkan dapat merugikan pembeli merepotkan pihak tokopedia. trims",5,Positif
"sekarang pakai tokopedia jadi takut sering banget dah bayar malah batalkan sistem, padahal gak ngelanggar s&k dana nya gak tarik lagi, padahal besok nya beli barang sama pakai promo sama harus rela kehilangan uang 9000, mungkin memang nilai nya kecil tapi kan walaupun kecil jadi bikin rasa khawatir trauma mau beli tokopedia, mohon cepat di perbaiki lah kalau gak minimal kalau di batal kan uang nya ke bank lah",1,Negatif
"pengalaman pertama daftar tokopedia sangat mengecewakan, kasih iming2 diskon produk eh malah dibatalin alasan jelas seperti shopee benar-benar memang kasih diskon pertama kali daftar",1,Negatif
"paling buat males bukan krn apk nya berat tampilan.itu msh bs ditolerin, cmn yg parah sekarang pengirimannya jd lama banget jne yg dulu cepet sekarang pol lama. si cepat sama 3 hari stak doang. anteraja barang ditelantarkan halaman rumah orang.sepertiy perlu ditinjau ulang system kirim nya.antara yg gk masuk pmbyran dr toped expedisiy.atau emng expedisiy yg mampu.semoga segera evaluasi.tks",2,Negatif
"sangat mengecewakan.. beli,sudah bayar ko batalkan.. sengaja menghilangkan promo voucher yg berlaku.. usah kasih promo voucher sekalian klo transaksi dibatalkan. trus hangus deh promo voucher nya",1,Negatif
suka apk tokped ini.... kagak lemot kaya apk sebelah. pelayanan sangat baik pengiriman sangat cepat tepat waktu pernah kecewa sih sama tokped. terima kasih tokped menyediakan fitur ini... sementara kasih 4 dulu yaahhh :),4,Positif
"sangat bagus, apk belanja yg sangat ribet, sistem merugikan cust. gratis ongkir yg minim, luar kota gratis. toko yg tisak profesional membatalkan sepihak alasan dapat mengirimkan segera. hubungi customer care? bahkan customer care dapat memberikan solusi, seakan cuek. kalo bintang minus, minus dah.",1,Negatif
"kurir rekomendasi sangat sangat lemot sekali, seperti aplikasi sebelah. mau ambil kantornya sendiri bisa......",1,Negatif
"pengalaman pakai tokopedia, ecomers sering membatalkan sepihak, padahal sudah jauh2 bayar gerai yg tersedia, kecewa banget sih, rekom awal kalau emang tidak bisa, kalau banding dg ecomers sebelah sangat jauh, sistemnya bagus banget. harap kedepannya perbarui",1,Negatif
"maaf ratingnya terpaksa berubah. krn : 1. pesanan yg selesai 3-4 hari mundur jd 9 hari pun tdk selesai.saat dikomplain hrs nunggu 4 hari. cukup aneh, yg beli tp yg rugi. 2. media utk komunikasi soal komplain kurang berpihak kpd pembeli sepertinya, krn jawaban dr keluhan tdk sesuai dgn harapan. mhn dipahami, bukan krn nilai transaksinya, tp gangguanya mengesalkan.",4,Positif
belanja tokopedia pengiriman nya super duper paling lama. banget.. gak kaya belanja #tiktokshop cepet sampe nya.. tokopedia gak pernah puas pelayanan burukk bangett 11:12 sma si #shope .. lama pengiriman nya...,1,Negatif
"hati hati membeli tokopedia...paket belinya total dana rp.1.150.000 pengiriman paket sejak tgl 23/9/2033, hari tgl 18/10/2023, paket tak kunjung sampai, dana juga kunjung kembali, awal estimasi tiba maksimal tgl 4/10/2023, terus ganti 10/10/23, hari dana tidak kembalikan, paket tak kunjung sampai kayak gitu bilang kalau kritik saran sampaikan tokopedia care .....tapi mana jalan keluarnya?",1,Negatif
"cs sanggat buruk, lalu banyak sekali peraturan masuk akal pelangaran s&k prihal discound, sebelum nya peringatkan, sudah membayar baru di batal kan pesanan otomatia pihak toko pedia, dana tak di tarik, mau di tranfer akun lain, contoh aplikasi sebelah (shopee) sangat simple, tidak ribet ini",1,Negatif
"rasa yang janggal aplikasi atau layanannya. transaksi, semua rasa pelajari, sudah pastikan sesuai, ada penyalahgunaan apapun. transaksi tiba-tiba dibatalkan sistem!",1,Negatif
"gak kalah sama si oren ternyata. cuman saran aja, mungkin fiturnya diperbaiki jd lebih cepat dibukanya.. soalnya iji luamayan lama kadang. selebihnya bagus. semoga barang²nya makin lengkap makin joos",5,Positif
"awalnya suka sama tokopedia sellernya bagus, sekarang lagi. dana refund mau ambil dipersulit, beri penjelasan akurat dipersulit mengganti nomer akun nomer tidak aktif dipersulit. tokopedia parahh",1,Negatif
"toko toko tutup, stok update, pembeli berkurang drastis pola bebas ongkir berubah, biaya2 tambahan, promo tidak digabung, ongkir lebih mahal (mau ambil untung ongkir juga) terlalu banyak dropshipper. tokopedia katanya mau concern pembeli profitable. hohoho memangnya penjual bertahan kalau pembelinya sedikit.",1,Negatif
"beli barang tokopedia, ternyata barang yg kirim kw, komplen tokopedia ternyata tetap bisa kembalikan karna alasan plastik dus nya buka. kl buka saya bisa tau mana kalau barang kw. waktu buka barang nya saya video tetap aja uang nya teruskan penjual. di aplikasi tokopedia banyak modus2 itu lebih baik beli langsung toko offline",1,Negatif
"aplikasi makin kesini makin lemot, makin berat buat operasionalkan, sinyal data yg kategori menengah sangat susah buat buka aplikasi ini, beda halnya menggunakan jaringan wifi tetangga, mohon perbaikan lg update kedepan, salam saham goto 🙏🙏🙏",1,Negatif
"aplikasi beli online terbaik dulu pakai sekarang . barang jamin ori semua . gk banyak penipuan . fitur"" aplikasi sangat bagus menarik. banyak promonya .mantap tokopedia .",5,Positif
"gada diskon ongkir kek oren, ampooon, kuat paman, mau beli barang harga 30k ongkos nya 50k, udah cari daerah terdekat masih tinggi ongkir nya, mending beli d toko offline aja, langsung hari juga, udah gitu sering delay kalo desentuh, padahal kalau d oren lanjay aja, puceklah 🖕",1,Negatif
"aplikasi sebenarnya bagus cuma emg sistem yg menyebalkan tiba tiba membatalkan kupon/voucher yg harusnya didapatkan pengguna alasan tidak jelas, mau ditarik saldo tidak seperti aplikasi sebelah jadi gopay harus premium, membuat beberapa org susah mengambil keuntungannya. mohon kedepannya lebih baik korban tidak 1 2 ada banyak. jangan cuma lebih baik lebih baik terus",2,Negatif
"pertama kali nyoba pesan disini sangat lama, tampilan aneh gk mudah dimengerti, gk simpel. chat penjual lama, disini tokonya ghoib. customer servise membantu sama sekali, gk ngerti masalah. diaini memaksa konsumen mementingkan bagusnya konsumen gimana. payahh sekali",2,Negatif
pantesan berkembang berkembang nih aplikasi... kalah sama oyen tok tok laz. ternyata sistem promonya kacau. bahkan pihak tokopedia seenaknya membatalkan pesanan orang padahal seller mengirimkan produk di pesan. satu pengguna baru diberikan promo check out gula minyak per kilo rp1.000 dicek ongkir ternyata harga ongkirnya selangit menggunakan gratis. artinya promo tersebut tidak efektif sistem promosi. banyak 🙏,1,Negatif
"biasanya stabil enak dipake. akhir akhir malah bikin susah. jangan ngikutin aplikasi sebelah, bikin berat aplikasi & loadnya. bener bener dah nih tokped. fitur ada udah sangat membantu & simpel. tipikal e-commerce favorit para laki. cuma butuh fungsinya aja gausah diribetin sama fitur gak bakal pake. buru diperbaiki deh. nyusahin aja nih.",1,Negatif
kurir yg mengantarkan barang menjadi sangat lambat.. biasa orderan 3 hari sejak check out sdh alamat pontianak.. skrg rata-rata menjadi di atas 10 hari,1,Negatif
"saran aja sih buat tokopedia, bikin fitur garansi barang retur penjual, uang teruskan penjual. karna pengalaman barang yg rusak dalam garansi toko misal 1 bulan, jadi harus melakukan cleam luar tokopedia. kadang penjualnya suka susah di hubungi. buat pembeli menjadi lebih nyaman aman lagi.",5,Positif
"order hypermart, transfer, pilih semua sesuai ketentuan, tiba2 batalkan sistem, katanya pelanggaran, ini sekali terjadi. pelanggaran bagian mana juga kurang tau. saldo ditarik diproses nya 1 hari, lama sekali, bagaimana kalau kebutuhan mendesak itu saldo terakhir. kecewa sekali, mohon segera diperbaiki 🙏🏻",2,Negatif
"yaelah, makin kesini makin pelit tokopedia, awalnya promo diskonnya berkurang okelah gk masalah, skrg pembayaran via gopaylater gak fiturnya, padahal sering transaksi toped pakai metode pembayaran itu, + skrg malah makin banyak biaya tambahan, bkin males udah pake app ini.",1,Negatif
"memutuskan retur sepihak, sy penjual kecewa barang rusak pengiriman, ada asuransi ( ada tanggung jawab asuransi sama sekali) . kedepan akan menggunakan tokopedia lagi, sangat kecewa... uninstall",1,Negatif
"hai tokopedia, pikirkan balik memasukkan indodana sbg pembayaran, merugikan konsumen drnda keterlambatan 10% padahal 1 hari lupa. biarkan di hub seluruh nomor didaftarkan. apa apaan kartu kredit tidak ini",1,Negatif
"makanya jangan pelit2, kebijakanmu dulu yg cuma pilih voucher 1, mengakibatkan 80% pengguna beralih shopee yg banyak voucher nya, sekarang udah nyaman shopee, toped saya lihat ada perkembangan persaingan. malah kemunduran",1,Negatif
tercium mencari keuntungan besar memberi kenyamanan prioritas pengguna pengguna merasa rugikan satu kali 2 kali sering kali terutama bagian kurir udah tau ekspedisi nya bobrok ajak kerja sama pada akhir nya menjatuhkan rasa kepercayaan pada pihak tokopedia saya sangat kecewa tidak bisa memberikan solusi padahal paket pada penjual blum di ambil kurir sudah masuk 1 minggu gak kejelasan nya tokopedia,1,Negatif
"makin updated bukannya makin bagus malah makin menyusahkan. mau cod barang tokopedia gabisa, maksimal 5juta, barang saya mau harga nya 5,3jt. emangnya dikira semua orang punya akun bank apa??? semua orang punya akun bank, mah apaan orang mau belanja mau dipersulit. bintang 1 rasanya kurang saya. diperbaiki limited cod nya bisa bayar barang cod diatas 5juta !. payah di limited 5juta barang bayar cod !",1,Negatif
"banyak harga atas jauh berbeda toko online lainnya, menang pengiriman cepat nya, barang nya murah bru 5 bintang",4,Positif
pengiriman lama padahal pakai kurir rekomendasi justru lebih lama pada ekspedisi terlalu banyak biaya aplikasi jasa layanan. benar2 gratis ongkir/ gimmick.,1,Negatif
"tokopedia semua fitur oke. cuma kurang 1 aja, minta diperbarui pencariannya mencari pakai gambar dong min. kalo ada pncariannya bisa pakai gambar foto saya tambahin hintangnya.. trimakasih",4,Positif
"waktu merespon komplain dipersingkat 2x24 jam jadi 30 menit saja, pembeli dirugikan waktu penjual. sudah hubungi tokopedia care, yang jawab kaya bot. jadi percuma ngelapor jawabannya cuma muter-muter doang. komplain susahnya minta ampun, kaya pihak penjual-aplikasi-kurir kaya bersinergi biar komplain berhasil gitu. barang udah 24 jam di pick up. sekarang jadi pembelinya disuruh nganter kurir. beli pakai instan pas komplain jadi reguler.",1,Negatif
aplikasi jelas. abis pesen barang disini. kenapa pembayaran defaultnya pake bca virtual account?.🤬🤬. terus udah gitu pencet pesen. mana diganti metode pembayarannya🤬. terus batalin pesenannya. jadi udah voucher pengguna barunya hangus gitu aja🤬🤬. mending usah download ni aplikasi. semoga bangkrut ni aplikasi. dasar aplikasi ngga jelas. kalo gini kan yang rugi😡. coba mana sini ganti!. ngga?. ngga bisa kan?. rugi saya. langsung sy hapuss,1,Negatif
"layanan tokopedia care berimbang menyelesaikan masalah retur. barang baik salah jenis dikirim lalu diretur diterima penjual malah saldo diteruskan penjual. kecewa sekali saya. buang2 waktu, uang, pikiran. tidak padahal tidak pernah rate bintang 1 saking kecewanya. emang bener sm shopee tiktok shop aja, kalo tagihan ovo, flip m banking aja sudah. bye.",1,Negatif
"melakukan promo palsu, belanja voucher cashback 500 ribu eh pas udah ternyata keluar cashback. sebenarnya di munculkan",1,Negatif
manajemen penanganan ada masalah barang terkirim pembeli cukup buruk lama. cs fast respon. ekspedisi pengantaran otomatis sistem. akhirnya sicepat. sicepat ada update an sama sekali selama melacak barang no resi. kapok pake tokopedia kurang care dengan pelanggan. merasa dirugikan barang sampai melebihi hari estimasi padahal toko kota sama.,1,Negatif
"apa tokopedia? fitur kurir rekomendasi sangat rekomendasi! pasalnya, pengiriman selalu terlambat estimasi tiba diperlama. chat pusat bantuan aplikasi malah diladeni bot. mau heran kecewa ini tokopedia?☺️ tolong, diperbaiki kecepatan pengiriman kurir rekomendasi kalian pelayanan pusat bantuannya. jangan buat toppers kecewa. meski sebenarnya kecewa. ☺️",1,Negatif
"dong waktu deadline/batas akhir konfirmasi , pengemasan, barang di sampaikan ekpedisi di percepat. banyak banget toko ngukur waktu jadinya. okelah kalo sehari ngulur waktunya, sampe mentok 3 hari baru mau mulai pengiriman. dahal sama"" jkt gara"" jadi lama barang sampainya.",2,Negatif
buruk. pelayannya tokopediacare merugikan konsumen saja. transaksi cicilan kredivo batalkan. asuransi pengiriman tetap ditanggung pembeli. akibatnya dana yg dibalikkan potong sama assuransi. masih sisa tagihan yg di bayar kita. gilanya di kredivo. bunga cicilannya tetap dibayar. padahal transaksi dibatalkan. barang dapat. tetap bayar bunga cicilan administrasi yg 3 4℅>bayangkan kalau transaksi 5jt,1,Negatif
"lemot padahal buka toko orenn lancar, mau pake saldo refund tp bisa buka, dapet harga pelanggan baru mau d c.o d tolak muncul notif pelanggaran. gajelas",1,Negatif
"gak buka halaman saldo, jd g bs topup gopay, gak buat ganti kota alamat, posisi android 8, makin susah aja belanja toped.",1,Negatif
"sekarang transaksi menggunakan promo chasback selallu batalkan sama cs tokopedia.. entah apa kesalahan saya, padahal transaksi cara jujur halal memakai uang benar-benar hak milik sendiri.. bukan hasil gak bayar pinjol.. admin tokopedia tetap menuduh bertansaksi terdeteksi manipulasi... sangat masuk fikri..!!!",1,Negatif
"aplikasi 80% udh bagus, ekspedisi memuaskan ""sicep*t"" tidak tahu di daerah lain, kalau didaerah majalengka, ekspedisi tersebut sangat lama pengiriman, tidak pernah pada hari ke-3 barang dipesan malas belanja disini, saya harap kedepannya menggunakan ekspedisi ketika menggunakan cod menggunakan voucher gratis ongkir..",2,Negatif
"habis update, malah sering force close, laah qc aplikasi nya jngan kebanyakan main game, fokus devlop, pilih tim yg kompeten, sayang perusahaan nya besar masa tim kerja nya jdi mundur.",1,Negatif
"sistem pembayaran memadai, wajib menggunakan bank kalo menggunakan gopay ovo yg benar benar terdaftar utama ( mudah ubah ) systemnya buat pusing kalo gk pake bank, ( ovo yg terpakai, nomor yg tidak terpakai tetep maksa akun terdahulu ) sangat sangat negatif systemnya tidak bisa ubah mudah.",1,Negatif
"bintang 4 setara lah buat apl lemot😂. kadang ngelag, mungkin hape aku harus uptade pake hape harganya 600juta.wkwkwkwk..aplikasi buat orang kaya mah kek nya. hape kentang mah keluar usus🤣🤣",4,Positif
"saldo dibawah 50.000 ditarik padahal toko oren bisa,trus saldo pake, banyak keluhan pesanan dibatalkan padahal udah bayar,termasuk saya, duitnya mau tarik tidak bisa,di pake tidak bisa padahal dulu seneng belanja di sini karna murah,sekarang amburadul",1,Negatif
"akun hack oknum, dibobol habis semua saldo paylater. slogan, belanja online aman nyaman diganti aja bila bisa memberikan solusi. belanja online aman nyaman bersama tokopedia. jangan bikin kapok pelanggan, bakalan tidak pakai tokopedia selamanya bila sistem keamanan tokopedia sangat lemah ini. isi saldo jutaan ternyata keamanannya lemah, jadi sangat menyesal mempercayakan toped. tlg yg jgn isi saldo banyak², siapa korban berikute",1,Negatif
"cool,, terutama penyelesaian masalah penjual pembeli sangat adil(dengan catatan video unbox lengkal video produk yg terkendala) pokoknya tokopedia top👍👍👍👍👍",5,Positif
toped emang debest. cepat sekali memberikan solusi. cuma belum berani belanjan toped setiap membayar via gopay selalu disodorkan paylater. kadang kudu hati2 jangan kami klik. semoga toped memisahkan gopay paylater. kalau membutuhkan lebih baik sendiri yang cari paylaternya toko sebelah,5,Positif
"apkx burik costumer service ngga selesaikan masalahnya, diapk barang diterima tpi barangnya ada gimana sih ,,,,lacak pengiriman jg ngga burik mmng..... pengembalian danax jg direspon pihak apkx wow is the best memang apk tokopedia......",1,Negatif
"komplain masalah pengembalian dana yg masuk, chat tokopedia care & sy tunggu 30 menit gak kejelasan lagi. fix kualitas pelayanan buruk!!!",1,Negatif
pesanan pakai promo pengguna baru batalkan sepihak pihak tokopedia. mana voucher pengguna baru langsung ilang wkwk. pengalaman buruk transaksi pertama. kapok dah pakai tokopedia,1,Negatif
"coba belajar sebelah, sekiranya barangnya abis tuh jangan tetep dibayar, tau udah abis pas udah kebayar (dicancle sistem). mana refundnya metode bayar kita guanakan, masuknya ke saldo tokopedia. mau ditarik minimalnya, sayang bgt anjir. mana voucher yg dibatalin sistem balik lagi, kan mau beli produk harganya sama buat pake saldo refund saldo tokopedia bayar lebih, emang hebat cari untungnya wkwkwk",1,Negatif
kenapa si tokopedia 1 minggu lola banget sangat2 lemot..saya ganti hp samsung ram 8/128 loh...ko aneh banget.. lemot parah bego lama2 sebel sndiri jadi gk niat bgt pegn belanja karna dh ksel loading terus!,1,Negatif
"enggak jelas penanganannya tokopedia, paket tertahan expedisi mau 3 minggu, malah ujungnya klaim ganti rugi, itupun selesai sekarang. mending pakai shoppe jelllaaaas",1,Negatif
apaan.. ngga ganti metode pembayaran. masa stuck bsi aja. tokped biasanya jdi apk ecommerce ygpaling gua percaya.. tpi baru kali kacau.,1,Negatif
"pengalaman, tidak cerdas tidak membaca ulasan di kirim disini. buat apa bayar mahal ternyata pengirimannya sama, 2 hari baru terkirim, padahal sangat membutuhkan buat kerja.",1,Negatif
"sistem dipembatalan instan konyol, status menunggu konfirmasi harus persetujuan penjual, pembeli merasa dipermainkan alasan penjual pengiriman sabtu minggu keterangan dideskripsi toko ataupun dicatatan toko, bahkan status menunggu konfirmasi 2 hari. dirubah, status menunggu konfirmasi pembeli melakukan pembatalan instan mudah mudahan next update ada feature blok pedagang, tokonya tidak masuk pencarian barang.",1,Negatif
"aplikasi payah ini. bisa mengatasi masalahnya sendiri, menghubungkan akun pembayaran lagi. gimana mau belanja !",1,Negatif
"kecewa berat pembelian aplikasi ini, pengiriman sangat sangat lambat , satu kota 4 hari dateng parah parah, maaf gk mau order barang",1,Negatif
"pembelian produk bisa cod semua payah, berapa kali check out sama tidak bisa, ongkirnya lebih mahal barang mau beli.",1,Negatif
"semoga selalu menjawab kebutuhan.terutama sistim pembayaran dgn cicilan. semoga selalu pihak playlater ,lesing nya selalu ramah penagihan.",5,Positif
"yg sama gasih apk eror terus ada jaringan, padahal buka apk bisa wifi lancar. udah hapus cache uninstal, terus instal lgi tetap eror... gimana sih",1,Negatif
"semua proses nya lama sesuai batas waktu yg sdh ditentukan, beli tgl 28, lalu ajukan komplain tgl 4 skrg tgl 18 blm kemajuan, awalnya sdh masuk proses refund, katanya dlm waktu 2×24 jam tanggal 11 tidak berkas klaim pihak toko, uang bakal dikembalikan, sampai skrg tgl 18 baik barang maupun uang tdk ada yg sy trima. tanya pihak tokopedia jwbnya malah balik awal investigasi dgn pihak kurir lagi, kecewa sy pake tokped.",1,Negatif
"alhamdulillah bagus ni min, udah ke pake tokopoins saya. jangan gangguan sampe lama begini ya min. harap tokopedia melakukan terbaik semua aspek konsumennya. terus berinovasi ya tokopedia biar makin bagus.",5,Positif
"mau belanja udah transaksi malah dibatalin sistem. masuk saldo refound gabisa dibelanjain lagi, mau tarik minimal 50rb. emang paling ribet. uninstal aja lah percuma.. mau cod susah bener belanja disini.. anggap rela ikhlas",1,Negatif
"makin kesini app makin lemot aja, gk kaya sebelumnya.. ditambah, ekpedisi jne yg merusak app ini, masa karawang - bandung 1.minggu baru nyampe..najiss, yakin pengguna via jne kecewa semua, yg awam aplikasi/toko nya yg disalahin!",1,Negatif
"iii. okt2023 update lagi, tetap aplikasinya berat ngelag. padahal awal 2023 jadi app idola paling ringan. belanja jadi repot. beberapa kali belanja toko sebelah jd nya. segera kaji ulang webscript! gimana kok berat",2,Negatif
"udah check out,udah bayar pakai voucher nya,trus langsung cancel.trus coba check out.lah kok voucher gak pakai padahal blum pakai transaksi pertama gak berhasil,trus ap nya di kasih voucher klo gak di gunain beda sama aplikasi sebelah ,sangat kecewa",1,Negatif
"apa tokopedia? 5 hari barang belum tiba....!!!!!🥱 dikomplain bulan kemarin gak perbaikan sama sekali ya,dalam pengirimannya! sepertinya terakhir kali belanja,mending shop2,sama laz2 aja...cepet pengirimannya! bye👋",2,Negatif
"dulu selalu belanja lewat sini selama beratahun-tahun karna pengirimin cepat cashback, kali sudah berubah sy blacklist belanja sini alasan tokopedia mengabaikan wkt kedatangan barang pelanggan, gratis ongkir hanya potong setengah harga ongkir, barang konsumen? beli jakarta harusnya langsung kirim laut jakarta, e..malah dibawa sidoarjo siceapat halu hasil kerjaama pihak apikator..cukkkkkk",1,Negatif
perbaiki dong sistem nya... masa sering order belanja tokopedia selalu sering batalkan gak dikirim pesenan oleh pihak penjual ... beri sangsi teguran buat toko penjual di tokopedia . kami pihak customer tokopedia selalu di kecewakan.. terimakasih,1,Negatif
tdk notifikasi barang habis jadi dana ku tertahan tokopedia mau ganti nomor gak banyak banget syarat itu mengungkit masa lalu pin saya lupa apa pin nya banyak deh parah sih perbaiki uang saya masih tertahan di aplikasi terimakasih🥲😒😒😠,1,Negatif
"sdh biaya pelayanan, biaya aplikasi pelayanan makin buruk, sistem yg bermasalah konsumen yg nanggung, gak solusi cuma jawab pesan broadcast mulu, custumer service gak bs kasih solusi malah ngomong muter2 doang, ganti cs hrs cerita dr awal lg,,, pokoknya cape dah mending pindah toko kuning 😅",1,Negatif
"marketplace berkedok pungli sih? selalu belanja pake voucher potongan harga, transaksi selalu gagal, ujung2nyaa dana ketahan disaldo refund, klo mau narik keluar kena biaya admin 3rb, sm biaya admin yg gagal 1rb ,hadehh jadi 4rb hadeh klo niat ngasih potongan harga gausa ditampilin!!! ,ribett yg ada keperluan nunggu bbrpa hari buat nungguin saldo refund proses, ngalamin kayak gini cumn sekali, temen juga ngalamin, pungliii",1,Negatif
mau kritik keras tokopedia 1. barang yg jual store semua barangnya jelek jelek cepat rusak 2. masa aku klaim asuransi smartwatch aku ko tolak padhl bnr2 rusak lho 3.knpa aku bilang barang tokopedia barang rongsokan?krna baru2 sktr 8 hari yg lalu aku beli barang smartwatch cmd store stelh barang nya nyampe pake baru 4 hari langsung rusak total bisa hidup dan gabisa di charger 4. kecewa bgt sih sama tokopedia care bisa melayani c,1,Negatif
"sangat kecewa pelayanan toko pedia,pas kurir datang kerumah tidak drumah setatus paket menjadi bad address,seharusnya not at home,paket kebalikan sama toko nya,padahal sering kurir ngantar paket kerumah seakan2, alamat tidak jelas sehinga paket setatus bad address,sudah gak mau belanja di toko pedia pelayanan kurir sangat buruk",1,Negatif
"komen baru: tokped kok pulsa kuota dibayar pake paylatter siih.. padahal yang sering urgent, ayolah tingkatiin🙏 makasih tokpeed udah ditingkatin😊 bagian gopaylattnyaa.. dulu, cuma ambil token aja, sekarang udah ambil pulsa kuota, dulu paylatt kalo belanja bisanya minimal 40ribu baru bisa pake paylatt, sekarang gaada minimal belanjaa, allah makasih tokopediaaa.. mempermudaaah💚",5,Positif
"pihak tokopedia terlalu ketakutan, salah satu ketakutan terbesarnya saat chat tokopedia seller tokopedia biasa seller konsumen banyak kata tidak ijinkan alhasil, pesan sulit di baca, padahal bukan pesan kasar diskriminatif, bukan kata-kata kasar tidak pantas. developer tokopedia sangat bodoh payah pengembangan aplikasinya karna menyulitkan seller konsumen komunikasi itu kesalahan terbesar",5,Positif
memang memenuhi syarat ketentuan mendapatkan cashback langsung konfirmasi pembayaran vocer dapat digunakan jangan pas melakukan transaksi tiba-tiba cashback ada.,2,Negatif
please.. bayar gopay cicil jangan telepon tanggal 1.. 😖tggal 2 kek.. soalnya kebanyakan orang gajian tanggal 1.. udah gitu ditelpon berkali kali 1 hari. ditelpon berkali..saya bilang bayar siang.. eh siang ditelpon lagi.. magrib mo sholat.. 😩udah dibilang habis sholat mo alfamart bayar.. siang gangguan bayar indomaret.. hadeeh..😤,1,Negatif
"lucu ni si ijo,kata nya promo besar2an,pas ditungguin waktu promo nya,kok baru beberapa detik barang ludes habis,kalau ngak mampu/sanggup promo yg orage,ngak usah kibulin pembeli.... dgan istilah promo besar besaran dgn note: war 10:10 spesial",1,Negatif
"sangat buruk, pertama pakai diskon 30.000, beli barang, check out, bayar, dana refund alasan pelanggaran s&k. baca dipelajari lebih lanjut, tenyata pelanggaran saya lakukan. bayangkan baru pertama kali ada masalah. bobrok",1,Negatif
"dong team tokopedia jadi toko online profesional dong tepati janjinya, permasalahan klaim brg, sekarang belom selesai katanya ""klaim sedang teruskan pihak asuransi selama 3 hari kerja uang sebesar 700 ribu sesuai yang di janjikan 3 hari kerja tepatnya tanggal 10 oktober, kok di kembalikan saldo pembeli sih, lewt 2 hari.sangat merugikan konsumen !!! cukup pengalaman, kali gak bakalan belanja disini gak amanah tidak profesional !",1,Negatif
"oke pisan,,,, buat cari produk & kebutuhan penunjang pekerjaan tokped terpercaya banget buat mah, beberapa kali checkout barang pernah mengecewakan tunjang ketersediaan expedisi menjaga integritasnya.",5,Positif
"rada bener ni app, ngasih promo itu. pas dah dibayarin malah bilangnya gangguan refund, refund nya cuma pake gopay plus. ada bedanya ama toko oren di sebelah 👎",1,Negatif
bukan masalah fitur aplikasinya buka aplikasinya gak apa apa. kayak sinyal lemah buka aplikasi baik baik aja,1,Negatif
update skrang merugikan konsumen pakai kupon cashback cashbacknya masuk diterima.. jikalau memang melanggar apalah katanya harusnya kupon awal bisa digunakan kupon bisa digunakan barang dikirim diterima pas konfirmasi tulisan pelanggaran kan kocak namanya penipuan gak sih.. akhirnya apa daya chat cs csnya tidak shoope ada banyak cs toped menggunakan seperti bot robot. bayar aja saham goto ancur lebur dibursa,1,Negatif
"gak jelas nih aplikasi banyak bug nya. mau beli barang/pulsa gak ada bacaan ""internal partner error"" gak jelas kasih voucher promo 30k buat pengguna baru pas pake buset dah gak jelas bat kadang lemot idih aplikasi gak jelas suka php in orang orang susah susah ngumpulin uang pas mau checkout gak bisa aplikasi gak jelas mending hapus playstore",1,Negatif
"diupdate bukannya tambah baik kinerjanya, malah tambah menjadi-jadi leletnya, selalu nge-lag, stuck, berakhir hang/force close, hadeueueuehhhh...jadi tambah males belanja tokopedia...",1,Negatif
"sumpah, kesel banget pengalaman pertama pake aplikasi ini, padahal baru pertama kali buat akun, baru aja seneng pake promo pengguna baru, ketika pembayaran udah diserahkan, penjualan malah dibatalin uang dikembalikan. aku sampe buka halaman syarat kebijakan nya, malah not found, halaman nya error bisa diakses. aku sampe 3 kali ulang pembelian berhasil, padahal udah nggak pake promo. ujung2 nya dibatalkan uang ku dikembalikan. aplikasi payah.",1,Negatif
"hapus aja kerjasama sm id express. banyak bgt pengiriman bermasalah kalau pake ekspedisi id express. paket sering ketahan berminggu-minggu, harus samperin warehousenya. buat apa pake jasa ekspedisi klo ditahan sampe berminggu-minggu warehouse. sebelumya belanja tokped pake ekspedisi yg nyaman2 aja, pas gabisa ubah opsi id express pengiriman selalu bermasalah mulu.",1,Negatif
"tokopedia sekarang kalah sama shopee. gimana gak kalah,diskon mereka buat di ikuti penjual. misal dapat diskon barang harganya 25rb jadi 3rb,tapi penjual malah mau kirim. haha semangat ajalah toped. banyak kok pelanggannya, lebih banyak pelanggan shopee. hahaha",1,Negatif
"sangat recommend belanja online disini, nunggu ekspedisi sudah lama refund dana nya proses nya lama, udh lewat tanggal maks yg diberikan belum masuk refund nya. total nunggu dr pesan sampe bermasalah sudah mau sampe 1 bulan. mending pake apk toko sebelah sudah terjamin proses nya jelas cepat.",1,Negatif
"kenapa jadi sering force closed keluar aplikasi sendiri? aplikasi lambat, lama memuat halaman terasa berat. hari 4 kali buka aplikasi, 3 kali force closed (keluar aplikasi sendiri/error). perhatikan aplikasi tokopedia semakin hari semakin berat ya? menggunakan smartphone yg spesifikasi menengah keatas kah?. memuat halaman produk lambat, padahal rumah menggunakan wifi.",4,Positif
"pengalaman pertama belanja, zonk.. beli keyboard harga 900an, pakai voucer jadi 940an sama ongkirnya... lalu tf virtual acount, tiba2 dibatalkan tiba2 tokopedia saldo auto masuk tokopedia.. lalu refunt saldo ke rekening, penarikan ditahan sementara.. gak tau kembalinya kapan.. mau cek out ulang voucer udah hilang.. pengalaman pertama yg mengenakkan..",1,Negatif
"hi developer. aplikasimu sepertinya punya masalah 3d secure, sudah coba menggunakan kartu kredit visa card, mastercard, jcb card.. semuanya muncul kode otp hp saya. sebelumnya baik baik (bisa pakai transaksi tokped).. mohon perbaiki 1 bulan saya terpaksa beralih aplikasi lain. tks.",1,Negatif
"terjadi kendala transaksi, respon tokped care lambat sekali. ada customer care fast respon. sendiri hampir 2 bulan sejak pembelian, penyelesaian klaim selesai juga. kapok rasanya pakai aplikasi ini.",1,Negatif
"sih diupdate bukannya makin bagus, malah makin jelek.. kaga kebuka2 ini, padahal sinyal kenceng.. aplikasi bisa kebuka, tojped doang yg manteng halaman utama.. ih kesel!",2,Negatif
"evaluasi exp pilihan, terutama yg tepat waktu estimasi pengiriman, sdh kash jeda 2 hari tetap aja meleset. jgn video feed tampilkan, toko yg di follow jarang/hampir tdk pernah muncul, padahal update stok baru",2,Negatif
"cara penagihan rentenir, padahal telat bayar nomor va pembayaran muncul. sistemnya kurang baik, cara bicara operatornya sangat komunikatif kasar.",1,Negatif
"download aplikasi lagi, gratis ongkir bisa gabung dgn promo seperti dulu lagi. tapi, sering dpt kurir jne, maaf kasih bintang 2. surabaya-gresik, kota yg bersebelahan langsung, pengiriman 4-5 hari. kurir anteraja,sicepat,jnt biasanya 1-2 hari. mending pakai kurir wahana lho. bener2 sangat kecewa sama jne, kurir paling lambat yg pernah pakai. lama2 kalo tetap kurir jne, mending uninstall",2,Negatif
pesan barang dapat promo pengguna baru tp barang nya gk kirim sama seller nya. sangat kecewa.. tidak mau jual barang promo gk usah kasih promo dong. sangat kecewa dg toko mbak frozen food surabaya,1,Negatif
"ditoped banyak penjual yg tdk beres. beberapa kali belanja ditoped bermasalah. sulit menarik saldo. saldo tdk dipakai utk belanja, akhirnya uang sy mendem toped. sangat merugikan konsumen. para penjual topet ditertibkan",1,Negatif
"tokopedia war ,diacount s/d 90% hanya jargon sy pernah mendapatkan padahal sy langganan lama. harus pembayaran melalui gopay ,sy suka itu. jadi gigit jari kalau bayar melalui virtual account bca😫",1,Negatif
awal pakai tokopedia aplikasinya enteng clean. sekarang udh keganggu bgt saking beratnya performa aplikasi. sering freeze jadi gak nyaman,1,Negatif
"dulu nya sangat membantu kini sepertinya tidak. hijrah tokopedia sh*pe. beberapa membuat meninggalkan tokopedia. salah satunya diskon gratis ongkir dulu dapat kan kini pernah dapatkan lagi. itu gopaylater dulu manfaat nya sangat membantu saya, kini tiba tiba gopaylater di blokir ada pemberitahuan sebabnya. thanks waktunya yang telah menemani 2018-2023.",1,Negatif
"pembelian pulsa 4x gagal terus, alasan jelas. urgent butuh pulsanya. dikembalikan dana pembayaran menjadi saldo tokopedia,yang mana dipakai beli pulsa tetap bermasalah.",1,Negatif
"belanja-belanja oke banget sih. jadi pelanggan lama tokopedia menjamin problem teratasi. miss hit. ada problem masalah , problem solving admin tokopedia sangat rendah. proses lama berlarut-larut. jadi berharap aja pembelian penjualan lancar terus. kalau udh trouble,brg hilang, brg gk nyampe dll, udahdeh kerjaan tiap hari ngomel kolom diskusi tokopedia care.[solving nya nol]. oya hati² kurir ""rekomendasi"". ongkir lebih murah, kualitas 0",1,Negatif
kurir rekomendasi? gak rekomen sama sekali. 2 kali kurir rekomendasi 2x gak beres. pertama kirim jakarta seminggu baru kurir biasa 3 hari. ke-2 barang kota sebelah yang biasanya besoknya 3 hari sampai juga. mungking kalau order aceh/papua 1 tahun baru sampai. memang ampas kurir rekomendasi.,2,Negatif
"aplikasi nya berjalan lancar, pengiriman di tingkatkan . telat satu hari saja bisa jadi bahan pertimbangan pengguna .. 🙏sukses selalu tokopedia ..",5,Positif
"jujur dulu tokped enak banget pake nya banyak gratis ongkir+cashback, sekarang malah makin ribet udah jarang diskon, jarang cashback, paling paling cuma gratis ongkir pun max 20rb, mana sekarang biaya jasa aplikasi lagi, jadi nya lebih mahal banding sama e-commerce lain, padahal dulu pake tokped biar ikut membantu produk lokal kok sekarang malah gk enak pakek nya huuuuuuu,",1,Negatif
"aplikasi sangat bagus, hanya saran buat tokopedia lebih baik, kedepan ongkir digunakan semua jasa pengirima, mulai jasa pengiriman reguler, ekonomis, jasa kargo, memberikan bebas ongkir jangan separuh2, kalau seperti lapak oren, memberikan ongkir gratis semua jasa pengiriman, jasa kargo, reguler, ekonomi.",5,Positif
"mohon maaf sekali sebetulnya jarang sekali memberikan satu bintang rating. saat benar-benar kecewa marketplace ini. dikarenakan cashback seharusnya dapatkan malah didapat. jadi kronologinya claim voucher lumayan besar, ketika bayar mengunakan gopay dapat cashback kembali, jadi otomatis dapat jenis cashback berbeda. setelah saya selesaikan pesanan satu cashback yang masuk.",1,Negatif
"mohon kembalikan hilang kurir rekomendasi gratis ongkir. jujur sekarang jadi nyaman, delay banget. nyari yg biasa gada kadang cuman pilihan ekonomi gratis ongkir. hilang kan kembalikan",1,Negatif
"aplikasi cukup berat dipakai ram 4/64. tampilan feednya kurang informatif. lebih bagus versi awal 2023, disitu bisa lihat update produk toko sudah follow berikut harga diskonnya. sekarang feed malah mirip kaya sosmed.",1,Negatif
"sekarang jadi biaya aplikasi tiap transaksi?blm lgi biaya2 wajib asuransi,trus klo transaksi tdk bermasalah,itu biaya asuransinya ya?lumayan loh klo kaya sering belanja toped,sllu paksa bayar asuransi tiap transaksi,tolong dong kasih pilihan hrus wajib asuransi!!!",1,Negatif
"semuanya bagus, cuman satu bikin ribet, memasukkan barang troli, muncul pop up ""lengkapi belanjamu"" barang tampilkan pop-up tersebut jauh kesamaan kemiripan sangkutannya jenis barang kita masukkan di troli. k",5,Positif
servernya suka eror.. selesai transaksi flash sale dibaca belanja.. akhirnya flash sale nya gak dipakai.. sungguh sangat membagongkan.. benar-benar server cerdas.. membaca tidak terjadi,1,Negatif
order barang pake id express lelet nya minta ampun udah mau 10 hari .padahal lokasi order barang 1 kota lelet nya minta ampun. pake jasa kirim barang bayar loh gak geratis .tolong lebih bijak memilih kurir yg rekomendasikan konsumen .minta bantuan sama tokped membantu,2,Negatif
"tokped sangat membantu penjual, jual tas harga 1jtan pakai ekspedisi sicepat barang jelas resi tidak jalan sama sekali. 2bln dikonfirm gabisa, tanya ekspedisi sama tdk hasilnya krn karyawan yg curi. harusnya tokped kasil win"" solution dong malah ngerugiin penjual dah gitu yg beli bayar pakai cod. sekarang malah ilang resi keterangan barangnya udah gaada. apes banget saya, lebih enak jual belanja tiktok shopee",1,Negatif
"kecewa ..biasa menggunakan tokopedia pembayaran menggunakan bri ceria aman"" aja ..lah sekarang jadi bisa dngn alasan sy melakukan pelanggaran .. pelanggaran disebelah mana nya yaa sama bri ceria nya saya baik"" ko ada masalah .",1,Negatif
"harga nya jauh lebih murah toko oranye,, pda toko ijo (tokped) tampilan aplikasi lebih menarik toko oranye.. perbedaan harga nya relatif jauh. entah jadi lebih mendukung aplikasi penjualan toko sebelah pda toko anak negri..🤔",2,Negatif
"sangat relevan pengajuan return diribetkan pihak toko pedia slowrespon terharap masalah tersebut,saya menunggu waktu berminggu minggu konfirmasi sangat sulit dilakukan pihak tokopedia,dan menggunakan tokopedia lebih sulit menggunakan shopee,terimakasih.",1,Negatif
"dear tokopedia: mohon mau komplain masalah paket di tambah durasi bukti videonya, yakali cuma 30 detik mah ngk cukup unboxingnya. minimal 1/2 menit lah terimakasih....",4,Positif
dulu suka banget sama tokped sekarang banyak banget biayanya mulai biaya layanan biaya jasa aplikasi niat hemat mau belanja online sama boros.,4,Positif
"tokped sekarang kok jd lelet ya,mau buka halaman transaksi jd gk malah balik balik ke halaman sebelumnya padahal mau menyelesaikan transaksi,jdinya dicomplain sama seller.",4,Positif
aplikasi bagus sekarang aplikasi nya lemot. mau buka barang selalu tulisan toped menanggapi... tak kurang 1 bintang nya... sekarang minggu minta update.. diperhatikan,2,Negatif
"jelek & membingungkan tampilan aplikasi sekarang bagian search/pencarian barang. maaf nih ya, semua orang mau ribet belajar fitur² terbaru kalian. pindah pakai sh*p** aja dh beres.",1,Negatif
"nya mohon maaf perusahan tokopedia,,, pelayanan tingkat kan,,, sya persan barang si kurir menyerah kan barang orang sya kenal!! seandai nya jikak kurir ketemu si pembeli langsung jauh lebih baik pesanan aman kan dulu jangan kasih kan orang sembarang nya!!! yang alami sampai2 sya bingung sendiri",2,Negatif
"pihak tokopedia cepat tanggap menanggapi keluhan pelanggan terkait barang sesuai. pihak tokopedia ""membela"" penjual padahal jelas jelas barang sesuai juga dana tidak dikembalikan sepeserpun. sangat kecewa pihak tokopedia. 👎",1,Negatif
"tokopedia....sekarang cod nya dipersulit ya, seperti awal awal, rp ( 0 ) / ( gratis ongkir ) bisa cod. sekarang tulisan cod tp pilihan pembayaran cod nya muncul🤦🏼‍♀️",1,Negatif
"saat mau beli barang malah dibatalkan pihak tokopedia, alasan menggunakan identitas sama orang dll, lah emang mau ngisi alamatnya alamat orang kan mungkin, gimana sih aplikasi tokopedia? buat orang jadi nyaman.",1,Negatif
"udah 2 bulan pasca ganti no tpi pengaduan untuk segera pemulihan akun biar akses gopaylater tau cicilan sya berapa jatuh temponya kapan, sisanya berapa bulan lagi, gk bisa, klik gopaylater selalu gk bisa, keterngan rumah penuh mulu, jadi membayar cicilan manual virtual account ksih di chat, saya gk terkma bukti pembayaran pelunasan bulannya, sebelum2 nya, kecewa banget",1,Negatif
kecewa gara gara pake kurir jne barang gak sampe2 padahal hari senin ada paket diserahkan kekurir sampe kamis malam blm sampe. sicepat paling bagus pengiriman... kalo tau gratis ongkir dikirim lewat jne mending batalkan saja. kapok sekarang masih banyak online shop lainnya deh,1,Negatif
btg 1 dulu selama dicurigai memiliki akun. akun cuma satu. bisa klaim promo tokopedia dibatalkan. harap dicarikan solusi.,1,Negatif
tau pengiriman sicepat lemot...untuk promo gratis ongkir nya gak milih ekspedisi.ekspedisi dipilih otomatis sistemnya...paling mahal diantara apk lain..lamban pula!!!!! 🤬🤬🤬🤬😡😡😡,1,Negatif
hati hati belanja tokopedia...pelayanannya sangat buruk.. belanja tanggal 2 smpai tanggal 28 ada kepastian barang beli. padahal menggunakan jasa kirim cepat. komplen smpai sekarang ada keputusan pihak tokopedia. sangat kecewa pelayanan tokopedia sangat lambat menyelesaikan permasalahan konsumen. semoga aja uang saya di kembalikan.,1,Negatif
"pihak tokopedia lebih gercep ya penanganan masalah, jangan lambat kaya siput. btw saldo belum dikembalikan loh, bagaimana solusinya ya secepatnya penanganannya!",1,Negatif
"aplikasi g jelas, baru daftar akun baru mau gunain voc promo selalu dibatalkan sistem katanya melanggar limit perorang, pdhl punya akun cuma 1, g jelas kali g usah bikin promo aja, mengecewakan, kalo g solusi mending tutup akun & uninstall ajalah.",1,Negatif
"menghargai pelanggan lama, berani mengutip biaya transaksi lebih marketplace lain, akurasi pencarian produk berbaur iklan pelanggan dianggap bodoh semua, semakin pelit memisahkan promo cashback ongkir... okey... puas puasin masih eksis!",1,Negatif
banyak toko dropship modal scrape data marketplace lain. ngakunya produk sendiri nyatanya tidak. bohongin customer soal lokasi kirim produk. kebijakan tokopedia memihak buyer. gak jelas app nya.,1,Negatif
"makin kesini makin bagus. diskon,cashback,dan free ongkirnya mantep mantep. keren. jasa pengirimnya disini mnrtku banyak bgt, gercep asli. barang2 setiap toko overall hampir sama sprti apk lain lah dr mulai kualitas hingga kuantitas. rate 92/100 from me. thank'u tokopedia",5,Positif
sekarang tokped pake ninja express... lemoot kaya siput... udah 1 minggu paketnya nyampe nyampee... terus anehnya da expedisi yang dipilih... ini bukan gratis ongkir tidak expedisi,1,Negatif
"admin tokopedia bijak melaksanakan tugasnya, masa retur barang barangnya dapat dipakai barangnya malah dikembalikan saya, saya pembeli sangat rugikan beli barang elektronik dipakai tidak bisa di refund.",1,Negatif
"ekpedisi entaraja, jadi paket ngak nyampe"" suka nginep berhari-hari, kota asal maupun kota tujuan, tanggal estimasi berubah di anter juga,",2,Negatif
"bermasalah penjual,merugikan pembeli karna barang yg kirim beda.masuk halaman komplain,malah chating sama robot toped..ujung2 tetap pembeli rugikan karna bayar ongkir..mending auto delete..cari tempat aja lebih mengutamakan kenyamanan belanja pembeli",1,Negatif
"versi baru kurang memuaskan min... koneksi internet bagus gk ad masalah,tp gk bs login,katanya masalah jaringan...gk jaringn internet... kan sebel min...",1,Negatif
jadi susah diupdate?aplikasi jadi lemot...kadang suka keluar aplikasi...bagus dulu tokopedia dari pada sekarang.dulu toko sebelah lemot.,5,Positif
"permisi mau menggunakan fitur image search aplikasi anda, cuma melihat panduan klik logo kamera, pada aplikasi versi terupdate(baru) tidak menu tersebut jadi saya harus gimana ya?",1,Negatif
mesan barang ssd 1 tb 8 pcs penjual mengirimkan kurang proses tokopedia memberitahu pembeli berhasil pengembalian dana retrun barang penjual dana telah kembalikan jelang beberapa hari kemudian saya lihat pihak tokopedia meminta kembalian uang jumlah 4.592.000 bagaimana saya sebagai pembeli sangat sangat kecewa seperti ini saya mau komunikasi telepon pihak tokopedia nomor nya ada telepon,1,Negatif
"cuma update aja, udah jarang belanja tokped semenjak kurir rekomendasi, mempersulit mau cod. jd beberapa bulan belanja sopi sama lajada aja yg cod nya mudah...",1,Negatif
"kecewa, kena tipu salah satu penjual nominal belanja 2,9 juta barang belom terima, pesanan terkirim respon penjual, membuat tambah kecewa karna pihak tokped tidak ada itikad baik membantu sama sekali, yakin kurir bekerja sama penjual karna saya memakai instan day",1,Negatif
"upgrade malah ngeblank , lacak transaksi ke menu awal lagi...toped nya baru meriang...mending gak usah upgrade",1,Negatif
"ongkirnya terlalu sangat mahal ya.. beda sama aplikasi sope,sama checkout barang sama toko official sama.. beda jauh harga ongkosnya.. sope gratis, tokopedia kena 38rb",1,Negatif
5 hari e-money terisi. status tokopedia berhasil. aplikasi terupdate. update saldo via tokopedia. berkali kali cek. masuk saldonya. refund. menu tokopedia care muncul,1,Negatif
kadang bingung sama tokped kalo langanan plus kata bebas ongkir beban ongkir tetap tagih pembeli kata prioritas buat customer sama aja sama non langanan lama banget buat tanya jawab terus ya langanan plus apa..???? kalo seperti aja sama kaya non langanan kocak,1,Negatif
"alhamdulillah walaupun akun kedua pertama bisa balik lagi.. semoga berlangganan terus, tokopedia memang mantap selalu mementingkan kualitas terbaik.",5,Positif
"makin sini bukannya dipermudah malah makin dipersulit, contohnya pas chekout pakai nomor lama menggunakan promo malah pesanan dibatalkan sistem dikarenakan ""pesanan memenuhi syarat"" padahal proses pembayaran dilakukan, kalo proses nya mau dibatalin karna ""tidak sesuai syarat"" dilakuin proses pembayaran dilakukan, bukan pembayaran, mana saldo ketahan gegara nomer lama udah aktif. trs sistem kurir jne dibenahi di hapus saja.",2,Negatif
"dulu ngeselin kurirnya payah, sekarang akhir september 2023 bikin emosi fitur cod tampil, padahal display seller pilihan kurir cod. konsul sama cs malah berbelit belit kaya ngobrol sama orang dongo. akhirnya selamat tinggal aja tokopedia, uninstall aplikasinya jaih jauh. payah!!",1,Negatif
"beli voucher game lewat fitur aplikasi, 2x24 jam transaksi nggantung ada kejelasan, customer care jg cuma janji2 aja, bisa kasih solusi kejelasan 👎👎👎👎👎👎",1,Negatif
"wah kecewa pakai si hijau, senang hati dapet promo, giliran cek out malah, dibatalin sepihak sama sihijau alasan adanya dugaan manipulasi pembayaran, padahal pakai pembayaran gopuy, udah promonya enggak balik lagi, kecewa kecewa",5,Positif
"buruk bgt pelayanan cs tokopedia menyelesaikan masalah, ngasih diskon tp goib sama sekali gak dipakai. dikasih kompensasi gift 3x24 3x24 ditanya blm masuk kata cs penerusan sore nanya suruh nunggu tiba2 dibatalin sepihak sama cs alasan diskon dikembalikan nyatanya sama gak digunakan sungguh sangat miris sekali ,berasa diprank sama cs tokopedia udah ngasih kupon diskon gak dipakai ngasih gift zonk dibatalkan tiba2 🤣",1,Negatif
"sangat kecewa,, ribet banget, banyak pembatalan otomatis,,, kalau tau jadinya ini, akan download..",1,Negatif
promo setelah klik promonya nya kok tagihan bayarnya gak berkurang.. maksudnya gimana sih ? buruk nih sistem nya..,1,Negatif
langganan plus... kira lebih sering bonus... pas flash sale dapet sekali 6 bulan langganan ... mlah gk pernah sama sekali ... hadehh....,1,Negatif
"akun lama pakai hampir 4 thn, biasa belanja, anggurin 1 bulan buat co pesenan tiba2 dibatalkan sistem. aneh sekali. udah lah bintang 2 saja... toko2 sebelah lebih mudah sistem belanjanya.",2,Negatif
"makin ribet, berat, esisonal. dulu pilih tokpet karna simple. ongkir makin jelas pake paket "" tidak jelas biar bikin kecanduan belanjaan online",1,Negatif
"logo ikon tokopedia terlalu kecil layar hp saya, mengganggu penglihatan/merusak pemandangan ikon tidak simetris apk lainnya..",1,Negatif
"aplikasi aneh sejagad raya, udah pesen bayar indomaret tbtb batalkan sama pusat bukan lg dr tokonya voucher nya jd hilang. mau tarik saldo juga persulit. intinya aplikasi ter aneh selama pake aplikasi online",1,Negatif
"kecewa kurir id express di rekomendasikan pihak tokopedia, sangat kecewa proses lambat , pengiriman diperlamat kurir status diupdate seharian, seperti kenapa direkomendasikan merugikan",2,Negatif
di buat belanja tinggal ubah metode pembayaran aja luamaaaaa buanget ya. emang gini tokped . jujur gak pernah pakai si. pakainya si oren sat set kalau ku. tp kok luama banget,2,Negatif
war diskon apanya.. masa baru beberapa detik habis terjual semua... sy pantengin dr hitung mundur sampe pas jam 14.00 langsung klik tp barang langsung habis.. anehhh...,1,Negatif
"sangat buruk pengirimannya, beda sama shopee, shopee punya jasa pengiriman sendiri, harga barang mahal mahal, pengen uninstall aja, apk mengecewakan, estimasi lewatin pihak toped bertindak",1,Negatif
"g sumpah, aku pake promo pembelian pertama gagal, trus auto g bs pakai pembelian pertama aja batalkan mulu sama sistem, najisss apk paling aneh, sebut nipu tidak sih??? udah isi go pay segala malah nipu, emang bener lebih baik di shope di ijo burung nipu!!!!!! bintang satu aja kebanyakan ku",1,Negatif
"tokopedia sadari apk sangat berat, ada inovasi kreativitas jasa kirim bebas ongkir, kok yah tokopedia bertahan 2 jasa kirim bebas ongkir sicepat anteraja, jasa kirim membuat orang malas belanja tokopedia..",1,Negatif
"kan beli pulsa tokopedia lewat gopay, pembelian berhasil beberapa detik tiba-tiba tokopedia melakukan pengembalian dana. tanya bot tidak solusinya",4,Positif
"beli batery charger tokopedia penjual puteralawu bayar juga,, ternyata sekarang barangnya pernah datang, uang hilang, krn sudah dilepas penjual, komplain toped,, alasannya beli marketplace lain,, bagaimana ??? yg jelas belinya aplikasi tokopedia,, bukan marketplace lain,, jelas yg melepaskan uang ke penjual toped,, bisa dibilang marketplace lain,, ?? berarti toped aman buat pembeli,",1,Negatif
"keseluruhan udah bagus. cuman mungkin ditambahahin review/ulasan pihak pengiriman barangnya bukan cuman buat toko/penjualnya aja, jadi kasih kritik, saran, apresiasi buat jasa pengirimnya. menurut kalo udah masuk kepengiriman masalah barang lama, rusak , hilang, sudah bukan tanggung jawab toko/penjual",4,Positif
"nih tokopedia ada gangguan ya? semalam kok bisa"" diakses semua menunya..? loading terus gak karuan. diperbaiki dong, mestinya dlm hitungan jam udh normal lagi, udh semalaman gangguannya, gak oke banget..",2,Negatif
"bayar tiba² pesanan batalkan sistem,uang kembalikan tidak sesuai sama di keluarkan ,bukan mempermudah belanja malah mempersulit pertama kali belanja online,dan nyoba aplikasi nyesel banget,aku coba karna promo pengguna baru,tertipu sama tokopedia,saat di klik promonya di bayar malah di tuduh bukan pengguna baru,gausah pake ni aplikasi rusakkkk",1,Negatif
"makin males lama2 belanja disini. barang gak sampai2 kesalahan kurir, claim garansi pengembalian dananya lama gak jelas. saya belipun udah nambah bayar pake asuransi ya. dimintai solusi jawabannya suruh nunggu-nunggu terus. lah dipikir beli barang buat kebutuhan 10 tahun kedepan apa? barang gak datang, duit tahan alasan tunggu investigasi, kpn-nya jg gak jelas. tutup aja kalo gak handle komplen, gak kerja.",1,Negatif
"tokopedia sekarang beda sama dulu...ngasih kurir rekomendasi kok kurir busuk macam id express....paketan 5 hari sampai....sampai estimasi waktu pengiriman habis belum padahal gerai wilayah saya...komplain cs tokopedia bilangnya bantu dimaksimalkan tetep aja kurirnya ngirim"" estimasi pengiriman habis.... berkali-kali komplain jawabannya terus tidak ada perkembangan",1,Negatif
"ada nya aplikasi memberikan kemudahan pagi penggunan berbelanja manapun, kapanpun mudah, sudah menjadi pelanggan aplikasi cukup lama, keinginan sebagai konsumen tokoedia memberikan lebih banyak diskon potongan harga di awal-awal dlu. alangkan bagusnya gratis ongkir ditambah dengan potongan harga. sejauh ini aplikasinya bagus tidak bermasalah.",4,Positif
"aplikasi sangat usang. live chatnya menggunakan penjawab otomatis. tampilannya jadul. penjualnya banyak jarang aktif lambat respon. kalau dibandingkan shopee kalah sangat jauh, shopee lebih menarik. dari tokopedia cenderung sepi di shopee ramai lengkap. mungkin sdm pengembangnya gaptek. pengirimannya seringkali mengandalkan jne. jne, salah satu jasa ekspedisi lokal paling hindari belanja online cenderung ngaret.",1,Negatif
"gimana aplikasi nya, aku punya akun tokopedia sejak awal pas install pertama kok malah sistem udah punya akun jadi gak daftar sama sekali, bener aja, awal masukin no telp terus kode verifikasi terakhir masukin nama lengkap sistem mendeteksi akun udah kedaftar padahal sendiri ada akun yang terdaftar. kecewa terimakasih",1,Negatif
"voucher gratis ongkir bisa dipakai bersamaan dg voucher yg lain,sangat mengecewakan,kemungkinan banyak pelanggan yg pindah aplikasi sebelah. makin g asyiik z biaya layanan & biaya aplikasi.",1,Negatif
"baru baru membeli barang tokped pembayaran transfer,tetapi barang sampai,barangnya rusak parah,dan komplen,karena kesalahan kurir,lalu kembalikan barang penjualnya langsung,setelah komplen penjual menerima uangnya kembali,tetapi pembeli mendapatkan uang saya kembali lebih 2 x 2r jam lo..sudah 5 hari bos..tolong tokped kembalikan uang saya!! balesnya sama sistem..udah berkali - kali woy..saya komplen aplikasi tokped",1,Negatif
"semakin mengecewakan pelayanannya ini, ekspedisi yg dipilih tiba² berubah tnp alasan yg jelas. estimasi barang yg diterima jg dibuat lbh lama penerimaannya biasanya reguler 3hari sampai, kayaknya sengaja dibuat molor pengirimannya seolah² pembeli maklum msh dlm proses pengiriman gk dibatalin. ekspedisi tambah senang tokopedia kasih estimasi yg lama tambah nyantai² ekspedisi kirimnya. cari duit segitunya,nanti klo barang sdh sy hapus aplikasi kapokkkkkkkkk",1,Negatif
"makin pembaruan makin lemot aplikasinya,mending usah pembaruan.balikin aja fitur2 semula.jadi susah mau cari2 barang, loading lemot parah padahal sinyal bagus. perbaiki aplikasinya,sudah jadi apk favorit buat olshop jgn sampe pindah apk sebelah",2,Negatif
"pesan barang mulai tanggal 4agustus2023,dan estimasi sampainya tanggal 11agustus,awal terlambat diperpanjang estimasi tgl 15agustus.. pengiriman nya menggunakan kurir rekomendasi.. tp hasilnya skrg barang blm sampai,cek resi paket ttp berhenti satu tempat sekarang.. ajukaan komplain klaim barang hilang,tp ttp tidak kejelasan😞 tlg gmn kejelasan paket sayaaa",1,Negatif
"admin tokopedia mohon bantuannya mengajukan komplain kerusakan produk dikarenakan kurir, ingin menyertakan video selalu bisa. padahal video format filenya mp4 ukurannya hanya 160 mb. padahal selama saya menggunakan tokped cukup puas, kenapa saat saya ingin melakukan komplain malah dipersulit ini. mohon bantuannya min🙏.",2,Negatif
"akhir akhir tokped udh mulai down segi service nya, masih suka eror topup mau pulsa ataupun token, coba menghubungi call center udh 2 hari pulsa masuk masuk malah ada respon, disuruh nunggu 10 menit bahkan sampe 2 jam tungguin tidak ada respon juga, diperbaikii!!!!",1,Negatif
"sangat memuaskan belanja tokopedia, barang rusak mengajukan klaim pengembalian dana, sstu bulan masuk pengembalian dananya, sangat tidak memuaskan tidak solusi terbaik, penjual tokopedia, tokopedianya malah nyuruh penjualnya, rusak aplikasi online shop..",1,Negatif
"aplikasi sangat fair, membatalkan promo seenaknya, padahal diawal tertera promo digunakan pas transaksi selesai promo dibatalkan. sangat kecewa tokopedia.",1,Negatif
"jasa pengiriman jne jangan dipakai. percuma murah kalau amanah. beberapa kali memesan kali jne kurirnya tidak atau sangat telat dgn berbagai macam alasan yg tdk masuk akal. mana kurirnya tdk sopan. pengembalian dana lama menghambat utk memesan baru. kurirnya begini terus,selamat tinggal tokopedia",1,Negatif
"menyesal daftar aplikasa ini, membatalkan sepihak pesanan, katanya pelanggaran, pelanggaran apa? katqnya dana di kembalikan, tidak masuk rekening saya. parah. lebih baik lazada sama akulaku.",1,Negatif
"pememesan belanja menggunakan promo tersedia tokopedia pesanan dibatalkan alasan (adanya dugaan manipulasi transaksi), alhasil promo tersebut ikut menghilang 🥲. aku pengguna baru tokopedia, entah aku salah menggunakan promo ada ketentuan saat mengunakan promo.",1,Negatif
sangat-sangat rekomen berbelanja aplikasi tokopedia solusinya. beli barang tanggal 3 detik barang kunjung sampai pemesan 13 sept. chat ke tokopedianya selalu menangani robot bukan real cs apk bersangkutan. otomatis tidak bakal solusi di temukan. yang menangani bukan real cs nya robot apk nya,1,Negatif
e-commerce jelek.... sudah melakukan pembayaran lewat tapi saat status nya cuman diproses terus ada perubahan... beda dulu lancar aja kalo masalah pembayaran cuman baru sekarang udah melakukan pembayaran cuman diproses doang gak dikonfirmasi operator lama sekali hampir 3 hari gk diproses. pelayanan cs lambat cuma itu-itu aja dijawab 😡,1,Negatif
"filter urutkan harga terendah banyak list diskriminasi sortir jelas.. jumlah filter ulasan jumlah sama, sekali pilih harga terendah hampir hilang 40%..kemana list sisa itu? key search suka campur aduk cuma beda ""angka""",2,Negatif
"aplikasi ngentod, mau cek out ribet bener. jauh banget bedanya ama shopee. mau ganti pembayaran lewat bank bca loadingnya kek siput, aplikasi macam apa ini. bukannya mempermudah pembeli malah bikin ribet.",1,Negatif
top up e toll mandiri melalui tokopedia metode pembayaran mobile banking sangat rekomen bayar virtual account tokped malah terkonfirmasi pembayaran . chat csnya malah disuruh nunggu verifikasinya lama berhari- hari dikarenakan transaksi hari jumat otomatis di proses di hari senin. diperbaiki dong sistemnya meminimalisir terjadinya kesalahan ini. nunggu dana pengembalian langsung saya uninstal tokped saya.,1,Negatif
"lama lelet letoy kecewaaa bangeeettt.... harus kurir rekomendasi kalo nyatanya lebih baik,,, gratis ongkir satu pesanan estafet beberapa expedisi, makin lama nyampenya,, dulu cukup satu expedisi pilih yg paling cepat dekat rumah,, kecewaaaa terpaksa kasih 1 bintang, padahal harusnya 0 bintang👎👎👎👎👎👎",1,Negatif
"aplikasi bagus, cuman masukan untuk mempertimbangkan bermitra exspedisi anteraja soalnya pengiriman lama banget sudah banyak komplain juga.",5,Positif
"lama akun gak login, pas login malah data transaksi dulu² hilang sama wishlist, toko diikuti hilang padahal berguna banget buat pengguna biar nyari barang diinginkan gak susah, malah hilang semua, mau download data pribadi panduan aplikasinya aplikasi lama, pengguna udah pake aplikasi baru, gimana tokopedia??? hadeeeh",1,Negatif
"ngasih voucher cashback kaya niat , kalo memang dipakai harusnya kasih peringatalah , la selese pesanan ada cashback masuk, setelah tanya chat katanya adanya pelanggaran syarat ketentuan, ngapain ngasih cashback tiap hari kalo memang bisa digunakan , udah ongkir nanggung sendiri , kalo mau pakai cashback. masa kalah sama si oren sekarang tokopedia , dulu hampir tiap hari belanja lewat tokopedia , sekarang sebulan bisa diitung belanja disini , malaassss jadinya",1,Negatif
"percuma ad diskon 100% 20 ribu, baru aja pesan udah batalkan otomatis alasan manipulasi transaksi. apanya yg manipulasi transaksi tokped?? punya 2 akun tokped, satu punya suami satu punya jadi klo pengiriman nya satu alamat walaupun beda akun perbolehkan di tokped yaa??? perbaiki sistemnya tokped.",1,Negatif
"ubah deh jadi bintang 1,padahal dulu marketplace favorit ,tapi makin kesini makin amburadul,pembelian yg voucher nya transaksi dibatalkan sistem tokopedia,malahan sekarang toko yg gratis ongkir disaya gratis ongkir aneh nyata ,udah komplain tokopedia care tetap ada perbahan hampir 1 bulan,parah bangett sih ini!",1,Negatif
"kapok belanja tokopedia ini, masih make kurir sicepat gabakal mau aku belanja disini. paket diambil tgl 28 , 4 hari itu ada update update jalannya pakeyt. parah sih memang tokopedia. gabakal aku coba belanja disini",1,Negatif
"nggak se asik dulu. tiap bebas ongkir, jaminan barang lama pengiriman, padahal pembayaran biaya ini itu. lagi kalau batal, biaya transaksinya dikemanain? kdg seller yg minta dibatalkan",1,Negatif
"keluhan yg sering dialami ; status 'menunggu konfirmasi' durasinya sering seharian pelunasan pembayaran. status ""diproses' bahkan sering lebih itu durasinya. sekalipun barang dikirim satu provinsi sama pihak pembeli banyaknya harga barang (bahkan official storenya sekalipun) jauh lebih mahal dibandingkan platform sejenis apresiasi buat tokopedia ; ketersediaan barang hingga sistem pembayaran yg sangat bervariasi cukup lengkap.",4,Positif
"kecewa pelayanan komplain tokopedia, belanja pakai gopeyleter, barang rusak kirim penjual minta ganti barang,dan barang terima penjual kembali, blm sempet ganti batalkan sepihak toped, yg jadi masalah tagihan gopeyleter keluar bayar barang yg pernah saya terima, sdh komplen berkali kali bagain pelayanan suruh tunggu tunggu sampe waktu yg pasti.",1,Negatif
"wajar aja tokopedia gak maju2 barusan pesan pakai promo langsung dibatalkan sepihamdari tokopedia nya, mana udah bayar lewat akun bank, bayar nya 23.400 dikembalikan 21.400. saya pihak yg rugikan, semoga berkah tuh cara nya, lebih enak belanja toko sebelah disini",1,Negatif
"saya update program ya, padahal opsinya cuma 2, update tutup, giliran dipilih tutup berarti aplikasi close, klo dipilih update, gagal terus, tidak bisa buka tokopedia ? hari aplikasi tokopedia-nya bisa update, terima kasih tokopedia, bisa akses tokopedia-nya.",5,Positif
"suka ngk jelas ngasih voucher belanja. toped yg ngasih, toped yg batalin. katanya penyalah gunaan voucher. cuma gara2 pakai jaringan yg sama, rt/rw yg sama. lha apakabar yg tinggal didesa yg ngk nama jalan nomor rumah. apakabar yg beberapa rumah pakai jaringan wifi yg sama. padahal pakai hp yg beda lho. pemilik hp jg beda. lebih enak belanja shopee. ngk php macam tokopedia",1,Negatif
"2 kali proses pembelian sparepart mobil mengecewakan. 1. mendapatkan barang yg gak berkualitas. 2. mendapatkan barang fake/aspal/palsu. proses pengembalian dana ongkos kirim terlalu lama. ujungnya banyak biaya yg dikeluarkan gara2 barang jelek. membeli shockbreaker, otomatis dipasang, pasang ternyata jelek, dibongkar dipasang shockbreaker lamanya. biaya bongkar pasang, biaya mobil menginap di bengkel saya pakai kendaraan umum.",1,Negatif
"baru kali kecewa banget sama pihak tokopedia, barang dilayani tokopedia lama banget sampenya, pesan tgl 5 yang estimasinya sampe hari belom sampe juga, pengen ajukan komplain pihak tokopedia tetapi mesti menunggu diluar jam estimasi, saya chat penjual alasannya dalam pengiriman, saya tau kenapa lama banget malah diperpanjang estimasinya sampe sekarang ngga ajukan komplain... jelas banget",1,Negatif
turunkan bintang update terbaru gak play pause vidio ulasan gak suara vidionya (sdh d coba d bnyk ulasan toko). yg mna sangat berguna sbgai acuan sblm mmbeli produk yg mmng membutuhkan vidio audio. update aman2 sangat berguna utk pribadi.,2,Negatif
"maaf dah kecewa pake aplikasi ini, beli barang, penjual salah kirim barang respon seller lambat, berapa kali dihubungi suruh tunggu, minta bantuan cs jawaban sama terus sampe ditelpon solusi tetap sama, gk telpon cs, lagi csnya ngomong terbata-bata. kalo transaksi sudah selesai di tanggal 30 agustus, ni aplikasi langsung uninstall, thanks",1,Negatif
"barang² lengkap, toko sebelah tokopedia ada, harga di tokopedia lebih mahal, termasuk biaya kirim lebih mahal toko sebelah. toko sebelah punya paylatar masing². dulu sy merasa nyaman belanja disini, skrg jadi malas .",1,Negatif
"bilang tokped jelek mungkin dianya yg kurang paham. sy pengguna tokped sejak 2014 sangat senang belanja tokped, berat produk terlampir (tolong fitur jangan dihilangkan krn sangat berharga), memaksimalkan pembelian kita di 1 toko merasa sayang ongkir. saran buat seller, diperhatikan berat barangnya, timbang seakurat mungkin, jgn dikira2 krn yg menjadi salah satu rahasia jualan bisa rame pembeli (selama harga sesuai).",5,Positif
"bagus.. apabila lebih bagus jika mnggunakan expedisi sicepat, sicepat yg sekarang ud menjadi silelet, paket dr tgl 30-03-2023 nyangkut d gudang jakbar cengkareng prima, estimasi s/d tgl 31-03-2023, sekarang ud tgl 03-03-2023 baru keluar gudang tsb. pngiriman gunakan expedisi tercepat, bukan yg terlelet. gad yg lbh cpt dr lex id ralat, terlalu lama untuk mencari driver, ud lebih dr 2x ganti driver. pickup nya lama banget. trimakasih",1,Negatif
"pengguna baru dpt potongan diskon voucher 30 ribu pas co bisa udah transfer ehh muncul notifikasi pelanggaran s&k katanya, uang langsung refund! otomatis potongan 30 ribu hanguss.bisa bilang hoax etdahhh emang ngga niat ngasih potongan diskon awal keknya!",1,Negatif
benar semua apa keluhkan... satu lagi harus di informasikan toped spesifikasi hp android kompatibel toped..saya pernah mau komplain produk bisa..cari tau mana ketemu.. ternyata hp nya tidak memenuhi aplikasinya toped.. payah toped padahal toko online lainnya semua,1,Negatif
"per tanggal 04-07-2023, edit review menjadi bintang satu. kurir salah mengantar barang memaksa konfirmasi penerimaan. barang hari belum terima. pengajuan komplain diproses pihak tokopedia, pengiriman, maupun seller. tokopedia lagi menjadi platform market baik dulu pelayanan seburuk sekarang. alternatif saya beralih shopee. edit 09-09-2023. paket hilang terulang lagi. order tgl 2 september hari belum tiba.",1,Negatif
"transaksi dibatalkan sepihak tokopedia, katanya melanr ketentuan promo, padahal sendiri kasih rentang waktu tertentu pembayaran, padahal pembayaraaan dalam rentang waktu tersebut, aplikasi lemot, sering force close,",1,Negatif
"fix kak aku dah pindah orange top-up sedikit tp iklan masih effisien, skrg biaya iklan km dah mahal tidak effisien :( dah bertahan 2 tahun kondisi yg kurang effisien sama km tp km gak berubah hiks. aku tetap berhutang jasa sama km akan memantau segera bersama km keadaan membaik.",1,Negatif
"dulu sekarang selalu pakai tokopedia respon nya sangat nyaman enak, ntah setelah perbarui terakhir kok sering keluar sendiri kdang agak lemot, sblm perbarui masih aman aman aja lo kak, solusi gimana😥??",2,Negatif
"bintang 4 jadi 1 pikir sendiri. kecewa gua tau gak, beli barang dibatalkan otomatis padahal gak melanggar refudnya gak sesuai saya bayar kasir kecewa saldonya malah lari tokopedia, mana atm dah gak tolol benerloh kan sih atm dana, ovo, gopay kan enak langsung dibeli haisss gak dibenerin tahun tahun. kalo bukan banyak barang ada toko hijau gak bakalan beli disini",1,Negatif
"sebenernya segi kualitas bagus semua, cuma sayangnya pengirimannya kurir yg bermasalah masa telat terus soalnya udah 4 kali belanja semuanya telat diterima entah yg express yg regular, anehnya para kurir konfirmasi kalau barang mau diantar rumah, yg parahnya yg terakhir malah katanya alamat sesuai, emang kebijakannya tokopedia ya, dong perbaiki kualitas nya jgn kayak gini terus",2,Negatif
sdh tf terus dikasih sama pihak tokped katanya kesalahan sistem. mana tidak seharga itu. jadi nambah lagi ongkir padahal yg awal bagus. sangat mengecewakan. uang jg jadi tertahan tokped,1,Negatif
"total ongkir lagi akurat. & masuk keranjang, ongkirnya akurat lg. pdhal dulu akurat. mis: masuk keranjang ongkir 5rb min belanja 50 rb, setelah masuk keranjang ongkir selalu bengkak pdhal sdh atas min belanja & berat tdk melebihi.",2,Negatif
"maunya apa sih toped sekarang?.. jelas² halaman produk tertulis bs cod, chat seller sdh aktifin cod. bgtu cek out pembayaran, gak sama sekali cod, dn bukan satu seller saja, semuanya.. kalo tetep kaya gini lebih baik uninstal sajalah, ganti dg yg yg gak ribet kaya toped gini, males bintang 3 jg kebanyakan tuh kalo modelnya kayak gini. makasih.. cod makin susah, terlalu ribet persyaratan dr toped.",2,Negatif
"belanja, barang gak sampe komplen tokopedia bantuan nya cuma kayak chatan sama robot. tokopedia bilang barang diterima padahal gak sampe saya. minta bukti foto gak mereka kasih. kurir gak jelas. jangan belanja tokopedia kalo gak mau pesanan/uang hilang",1,Negatif
"tokopedia bertanggung jawab, pesanan dibatalkan otomatis sistem pengiriman barangnya distop barangnya terkirim. berniat baik memberitahukan melalui chat penjual tokopedia care agent bernama ""nawang"" langsung minta dikirimkan segera sampai-sampai tokopedia care menganggu dengan menelpon saya sedang meeting, mereka sangat profesional tidak sopan, permohonan maaf 1 kata kunci ""tolong"" chatnya.",1,Negatif
yang menarik tokopedia. nggak pernah cashback klopun g seberapa. cashback g bs digabung sm gratis ongkir. maleeeslah pokoknya belanja tokped. akun tokped sy yg satu smp sy hapus. mending dishope belanja g pake minimal,2,Negatif
"10 kali proses belanja metode pembayaran cod bisa. apa memang bole cod. lagi terlalu banyak iklan proses belanja, berhati-hati membuat celaka kantong sendiri. sunggu tidk nyaman",1,Negatif
"lebih 3 thn langganan tokopedia, sekarang masalah keterlambatan barang 4 hari, melakukan komplain disuruh nunggu jelas solusi cepat, di investigasi ulang kerjasamanya pihak kurir anter aja, sangat merugikan pembeli, selalu terlambat.",1,Negatif
"sebagian orang kesusahan mengembalikan saldo refund rek. karna 50rb, trus buat blanja. jadi nyesel download tokopedia karna ribet kalo apk sebelah ada pmbatalan dana yg masuk bisa buat blanja mudah disini susah jadi sebagian orang rela kehilangan saldo refund krna ribet",1,Negatif
"gratis ongkir iklan untuk toko yg di ecommerce tolong lebih diseleksi oknum toko sy sdh order sdh transfer pembayaran gak sedikit 3jt lebih gak kejelasan diproses melulu statusnya dichat jawabannya selalu ""hai barang ready, silahkan diorder"" hufft.. sungguh merepotkan menjengkelkan",2,Negatif
"sekarang filternya akurat, ikut item lainya. jadi malas,,,, ganggu banget,,, kembalikan yang dulu sajalah, dikasih saran lama banget direspon malah parah filternya. terpaksa turun bintangnya",1,Negatif
"gak tau salah apa tau tau pesanan dicancel otomatis gk pake promo,duit dibalikin si klo ujung ujungnya kaga belanja ditokped gimana pake tu duit,pertama kali coba pake promo malah gk lagi, mungkin bakal jadi pertama terakhir kali pake tokped, mending toko oren dah cod lgi,udah gitu mau cs tokped malah gangguan mulu padahal dah pake wifi",1,Negatif
"ribet, banyak sekali biaya admin, pakai bank 1k, cash 2,5k, lagi wajib asuransi (yang sendiri 'tidak tahu' menahu sebenernya apa), biaya layanan, biaya admin, barang 40k, jadi total 50k + (belum ongkir)",1,Negatif
"sekarang belanja biyaya jada aplikasi, promo jelas potongan belanja batalkan, alasan pembayaran melewati batas, saya langsung bayar via m-banking, e-commerce sebelah jelas promonya",1,Negatif
males belanja app tokped ui dark modenya yg gk nyaman dilihat. dark modenya otomatis mengikuti setelan sistem android. harusnya dikasih opsi settingan ui mau manual otomatis.,1,Negatif
"malas pake tokopedia bayar listrik kena pelanggaran syarat berlaku, emang untung yg didapat promo brp duit cuma 2rb duank. buat promo gk niat mending gk usa buat promo untung gk sberapa, yg rumah kontrakan / kostan pake token gk bakal dapat promo kesama alamat kena syarat pelanggaran. real gk fungsi promonya gk tau tujuannya pantas orange rame yg suka belanja paham & buat sistem nya gk paham taunya pelanggaran padahal nyata dilapangan nya berbeda.",1,Negatif
"bikin voucher promo berguna, selalu gagal d gunakan... ngerti alesannya knapa pasti transfer langsung d batalkan tokped saldo nyangkut d tokped. terakhir kalinya pake tokopedia. padahal biasa belanja kulkas, mesin cuci, hp elektronik lainnya tokopedia",1,Negatif
"kacau apk nya sekarang, lemot sering ngelag cari produk scrol kebawah suka tiba2 balik produk atas lagi, sampe cape kesel sendiri mau scrol ke bawahnya. kadang gak responsif udah terlalu gede kali ukuran apk nya. kacau pokoknya bikin kesel. banyak banget biaya nya kalo cek out barang. pokoknya semua biaya lah itu lah entah apa lah",1,Negatif
"gopaylater sering bermasalah limit tersedia tidak dipakai transaksi, masalah ditanyakan lewat email tidak direspon, berbeda sekali blibli, blibli tagihan terbayar limit langsung dipakai",1,Negatif
"tokopedia harap kalian ini terus ya,harga diskon beneran ada,jangan toko oren,banyak biaya tambahan dll... katanya diskon harga ongkir naik. sekarang pindah kesini gak pakai toko lagi. terima kasih tokopedia 🙂",5,Positif
"bukan gila promo, cuma kalo emang dikasih promo tentu dipakai kan. buat apa dikasih promo abis dibayar malah dibatalkan. bilangnya indikasi melakukan pelanggaran. pertanyaan saya, setiap ktp punya akun masing masing setiap kk boleh punya 1 akun? kalo emang niat kasih promo gausah ngasih, bikin ribet",1,Negatif
"parah banget tokopedia, asal pilih kurir yg dirugikan seller pembeli. barang 2 minggu baru tapi ada reason detail terkait kendala pengiriman. pihal tokopedia bisa memberi jawaban terbuka kedua pihak",1,Negatif
"update bukannya baik membuat kecewa : 1. ada review ttg kurir semua hy review ttg seller, tokped sprt perduli dg kendala kiriman yg sering lelet ngaco bila gunakan fitur bebas ongkir yg kurir diatur tokped. 2. sering hank balik sendiri kita pilih2 barang tdk sprt dulu yg baik2 sj lancar, aseli bikin org malaz pindah online shop lain. 3. lambat perbaikan it nya kl respon dr admin aplikasi cepat, percuma konsumen maunya cepat.",1,Negatif
"tokopedia banyak sekali seller tdk aktif yg no respon, chat tdk respon, pesanan jg tdk konfirmasi2.. jg yg bilang ready ready tp blm dikirim kirim dibatalkan otomatis.. masa mau order hrs nunggu respon dl seller yg luama.. klo toko sebelah, lgsg order aman..",2,Negatif
"beli suatu produk. dipakai, ternyata kualitas barang sesuai deskripsi. waktu mau beri ulasan produk tersebut, tiba-tiba produk hilang bisa dicari sistem. kecewa berkali kali kualitas produk dibeli lewat tokopedia. saran saya, pihak tokopedia memperbaiki kualitas kontrol seller nakal menjual barang abal abal niat tipu tipu konsumen",1,Negatif
"barang dikirim sesuai, minta penukaran barang disetujui penjual. barang sudah diterima, gak dikirim. alasannya barangnya ada, rugi ongkir 2x. solusi tokopedia care mengecewakan, penjual janji transfer ongkir belum di transfer.",1,Negatif
aplikasi gak mau rugi. mana kalo daftar akun baru voucher pengguna baru rewards hak si pengguna. udah gunain voc nya tiba2 dibatalin sistem. apk layak di uninstall.,2,Negatif
"makin jelas, beli barang udah bayar, lalu batalkan sistem g tau kenapa.. udah gitu saldo refundnya cairkan akibat memakai no telp. no telp udah lama aktif. terpaksa ganti nomer nunggu lagi, udah gitu nunggu 24 jam baru bisa di cairkan saldonya....",1,Negatif
"tokopedia maaf belakangan selingkuh,sudah beberapa kali saya belanja tiktok shop, harganya relatif lebih murah. entah bagaimana caranya tokopedia bersaing sama tiktok,supaya pelanggan tokopedia pindah tiktok.",5,Positif
"mau bayar pajak,selalu tulisan links eror,atau tunggu beberapa lg,jaringan hp kenceng tetap aja masalah jaringan lah,yang eror aplikasinya kali ya,tolong segera perbaiki jangan mengecewakan pengguna.",1,Negatif
buat pihak tokopedia kalau customer kasih uang tip kurir lewat aplikasi toped jangan potong lg terkadang buat gantiin uang parkir kita gak ketemu kasih nya lewat aplikasi jadi kalu potong sama pihak tokopedia sebagai kurir di rugikan ongkosnya terlalu murah . terima kasih!,2,Negatif
"deadline proses penjual terlalu lama 3 hari, estimasi barang sering telat... proses komplain rumit banyak toko alamat toko pengiriman nya beda. proses return sulit",1,Negatif
"tokopedia aneh, aku pernah dibeliin barang sama pcrku lewat tokopedia alamat kosku. itu aku beli barang sendiri kosku ngga bisa, karna katanya datanya sama kaya pcrku tidak di proses. mana itu voucher nya hilang... merugikan sekali",1,Negatif
"apa mu tokped? rencana mau belanja senilai rp. 2.222.000 + ongkir 47.000 + asuransi 13.700 + biaya aplikasi 1.000 total bayar = rp. 2.243.700 dikurangi gratis ongkir 40.000 cashback 22.220 jadinya rp. 2.221.480. artinya ada cashback alias belanja dengan gratis ongkir. mending dibikin gratis ongkir 100% pakai embel-embel cashback. mungkin dibilang bahasa marketing biar banyak yang belanja,padahal boong...🤣.sukses selalu tokped... slm membermu!",2,Negatif
"kecewa, langganan tokopedia plus malah pesanan sering ditolak. langganan tokopedia plus lancar"" saja. pelanggan rekomendasikan mempertimbangkan apabila menggunakan fitur tokopedia plus...",1,Negatif
aplikasi sangat komersil pembeli biaya layanan jasa aplikasi...untuk penjual lebih gila kena biaya 4-5% total harga barang 🤦🏻‍♂️ ekspedisi dievaluasi kurir sitelat parah banget...kick aja ganti laen profesional kerjanya,2,Negatif
"nih aplikasi lolot, udh upload foto product format yg bener aja gagal karna alasan format fotonya salah, udh diubah beberapa kali .jpg, .jpeg, .png aja tetap gagal. jd mesti pake format foto njir?",1,Negatif
"bos kalian kalau begini terus tinggalkan customer, status pengiriman aja customer sendiri minta update, gitu beli hp xiaomi tak jelas pengiriman nya pake jasa pengiriman apa?? kalau gini kan gak bngt, pertama status pengiriman update, kedua gak jelas pengiriman pakai jasa pengiriman apa,, susah tracking nya, kompetitor kalian tuh dah maju, kalau ngirim barang jelas menggunakan jasa pengiriman apa, bahkan di sertakan no kurir nya,,",1,Negatif
"aplikasinya jelek banget suka eror, masa mau beli pulsa saldonya selalu dikembalikan terus udah 5x tetap ajah dikembalikan, protes responnya gak memuaskan, udah gitu kalau pakai voucher malah hilang padahal bukan yang membatalkan pesanan, ditambah sekarang tiap transaksi kena biaya 2000 kalau gak pakai gopay ke 4000-4500 biasa transinya",1,Negatif
sering beli sinj dibatalkan sistem. jelas alasannya apa. masa iya alamat yg sama boleh. kan beda akun. apa iya 1 rumah cuma 1 hape 1 org dalamnya. masuk akal. kl gamau kasih promo gausa kasih bukan tiba2 dibatalkan sistem trus dana masuk saldo. bisanya ditarik minim 10rb. sama aja ambil duit kan. makin males pake tokped. mending app sebelah,1,Negatif
"akun ada masalah dinonaktifkan payah, minta bantuan chat tokopediacare percuma ada solusinya. membantu sama sekali padahal nama sama, orang sama, ada kesalahan signifikan akun dinonaktifkan.",1,Negatif
"suka belanja tokopedia, makin kesini banyak penjual yg balas chat cepat giliran dibayar dikejar2 minta nom resinya, bahkan penjual yg diulur batal otomatis padahal batal otomatis nunggunya kelamaan... dan penjual setuju cancel order, chat lampirkan care tokped, mlah direspon... gak mihak pembeli !!... mana harga online kok jadi sama kyk offline... update : makin parah... sebulan 2x nemu penjual macam begini tokopedia..",1,Negatif
"baru sadar jadi seller ternyata, kalo kirim barang langsung drop warehouse nya lebih cepat sampai, satu hari aja langsung yg biasanya kalo sy jadi buyer 4-5 hari baru nyampe. selama sy selalu ngeluh soal pengiriman toped, ternyata semua tergantung seller nya.",5,Positif
"balasan pesan template 🤦‍♂️. buat apa hubungin tokopedia care kalau akhirnya harus chat penjualnya negosiasi pembatalan !! kritik sistem kalian yang instan. batas pembatalan otomatis kalian, sistem instan kelamaan. namanya instan butuh cepat / urgent. kalau 3-5 jam penjual konfirmasi pesanan - masih tahap proses, harusnya sistem udah batalin. ngapain nunggu konfirmasi penjual 1 hari, sekalian aja sistem instan hilangin.",1,Negatif
"aduh udh bayarnya transfer gagal, mending dana nya masuk rekening lagi, masuknya saldo tokped. kalo emng vochernya bisa, harus muncul gagalnya pas proses pembayaran sih. balikin lg dong rekening dananya.",1,Negatif
"layanan plus, katanya kurir rekomendasi(perlu survei lapangan) tp sering kurir yg lelet lemot? sangat meresahkan pelanggan. tokopedia perlu ditingkatkan lagi.",2,Negatif
sangat buruk menyediakan castamer service telpon 24 jam. mampu jawab pake robot. tanya apa jawab apa... saat castamer kendala gak yg jawab... kurir nya rekomendasi gak keterangan kurir mana... sangat mengecewakan,1,Negatif
"berhati2lah bila bertransaksi/berbelanja tokopedia, beresiko kehilangan uang tiap kali batal transaksi/pesanan, refund diterima utuh, tiap kali batal transaksi/pesanan rugi rp 1000, bila sering belanja, resiko semakin besar.",1,Negatif
"shopee lebih baik tokopedia urusan promo. saatnya pindah kesana gaes. minimal belanja biar gratis ongkir lebih rendah, kupon diskon cashback lebih besar. gratis ongkirnya kita ganti ekspedisi apa kita mau.",1,Negatif
"pesanan udah lewat masa estimasi pihak tokopedia gk berbuat apa2, mestinya tegas pembatalan otomatis, jadi buyer tidak di rugikan waktunya dan bisa belaja lagi, penanganan tokopedia sangat buruk pengiriman barang leletnya parah banget, sarankan buat semua nya jangan pake tokopedia, makin hari makin buruk pelayanannya, hapus aja ponsel, banyak toko online yg lebih bagus tokopedia, kurir brengsek aja di pake kan merugikan",1,Negatif
"barusan aja nih,, pengen belanja, liat shopee mahal, eh tokped diskon 15rb,mayan khan,, c/o dehdi tokped,,, eh smpe semenit langsung dicancel otomatis sistem, katanya pelanggaran,, apa sih nying,, orang belanja dpt diskon dibilang pelanggaran, ikhlas bgt ngasih diskonnye,,",1,Negatif
sangat menyesal pertama kali menggunakan aplikasi tokopedia promo diskon gratis ongkir waktu checkout saya bayar . malah pesanan dibatalkan otomatis saldo ditarik tidak bisa digunakan,1,Negatif
"cs nya okee sih!! aq pengguna baru,dapat voucher 30k, happy bangedd!! ehh orderan nya dibatalkan sistem! aneh! komplain lah cs.. +1jam udah order dengan potongan harga. yey!!! sering2 diskon gede yaa.. thank you",5,Positif
"tokopediacare lambat, pesan hp hilang expedisi proses lama, 1bulan lebih, harus menunggu, dana tidak penuh harus menanggung asuransi ongkos kirim jadi sekarang korban tokopedia. cukup belanja tokopedia, rekan2 seluruh indonesia pikir2lah belanja tokopedia karna pake jasa kirim jne menghilangkan hp dan mencurinya, jadi korban. kalau bintang⭐ 0 kasih.",1,Negatif
"belanja tokped banyak diskonnya. pengiriman dilayani tokopedia cepet banget, sehari sampai. suka dpt kuota gratis ongkir belanja 0 rupiah. sering dpt diskon besar cashback yg lumayan. terpercaya deh tokped",5,Positif
"dajjal.. aku udah pesan, penjualnya membalas kyk pake bot, ditunggu update mulu gak perkembangan. salah penjual, malah uang gak kembali. awto uninstall.",1,Negatif
baru instal tapi tetep aja gratis ongkir nya serahkan wajib jne. untuk sekiankalinya selalu tiap belanja tokopedia pengirimannya lama sekali. masa iya malang-blitar pengiriman lamanya seminggu. belum pernah belanja tokopedia kl dpt gratis ongkir pengirimannya cepat....selalu lama....selalu lama.minimal 5hari baru nyampe. bikin males instal ini.,2,Negatif
semakin kecewa sekarang sama tokopedia.pengiriman tgl 25 estimasi tiba 29/08/23 eh malah berubah estimasi jadi tgl 04/09/23 tambah keterangan kalau alamat tidak temukan.padahal berkali-kali kirim pakai alamat selalu sebelum estimasi...tlg donk...ekpedisi yg bermasalah jgn belain.mending belanja sebelah sekarang...,1,Negatif
"bangkrut aja lah kau tokopedia gak kali ! katanya pengguna baru diskon 30 ribu dibatalkan otomatis sistem padahal dah rela ngisi gopay check out tp dibatalkan gitu saja, mana ongkirnya mahal banget.. benar-benar marketplace rekomen !!",1,Negatif
aplikasi tokopedia bagus bekerjasama gojek dimohon sudah sebenar mungkin memasukkan titik alamat tetapi ko keubah sendiri aplikasi nya ya. jadi kena marah drivernya mengeluarkan pengeluaran yang sifatnya mendadak harus menambahkan ongkos drivernya tersebut. mohon sikapi hal ini setiap pesan jadi ubah lokasi terus khawatir bergeser titiknya lagi. terimakasih,2,Negatif
"pengguna baru belanja dapet diskon harga serba seribu gak gratis ongkir,nah ongkir nya mahal sama aja bohong,gak marketplace lain,diskon gratis ongkir,terus aplikasi nya susah gunakan mau cari voucher nya",1,Negatif
ampas .update e toll dimana2 orang butuh cepet sedang gangguan suruh tunggu 3 hari .kalo emang gangguan aturan buat pass pembayaran bisa duit udah masuk saldo masuk .cuk jadi kerja 2x ngeluarin uang 2x baru kali kecewa tokped !,1,Negatif
"pengiriman lama,system cod ekspedisi tertentu,banyak error/bug didalam aplikasi (contoh saat memuat pembayaran biasa alias cuma loading terus)",1,Negatif
"jelek aplikasi nya, harga gk sesuai tercantum, diskon nya gk sesuai. juga padahal pengguna baru gk beli barang khusus pengguna baru, banyak alesannya lah lah, ribet. klo gk niat kasih gk usah diadain, maksain banget!",1,Negatif
saldo refund tokopedia tarik tak kunjung masuk rekening saldonya padahal status tokopedia berhasil cair dana ada masuk saldo rekening saya 😭 sumpah nyesal pake tokopedia benar kata orang tokopedia banyak kendalanya.... jauh lebih baik shopee,1,Negatif
"lazada biaya apapun, banyak casbac gratis ongkir. pilih menguntungkan, jangan hiraukan orang bilang #maunya gratisan#, yg jelas belanja cari yg murah, menguntungkan. saatnya tinggalkan yg merugikan. beralih yg menguntungkan. udah mulai kalah, terlalu ngadiadi, kena serang balik, lazada 23 jt, tokopedia 6 jt jauh banget.",1,Negatif
update pengiriman barang selalu hari s/d barang di lokasi tujuan... n utk foto barang dri pihak pengiriman knp sering tdk bsa dilihat (keterangan foto/gambar rusak) biar makin mudah monitoring nya... udh nunggu smpe tgl 18 ehh updatenya cm smpe tgl 15 aj (gk update)... puseenk boss..,2,Negatif
"makin kesini ongkir promo cashback nya makin ngaco, bukan lebih baik malah makin buruk, promo gratis ongkirnya satukan, mana pilih salah satu lagi...!!! perbaikilah lebih baik bukan makin buruk.....!!!! pakai tokopedia bukan 1 2 tahun. lah perbaiki lagi, jangan buat kecewa mulu...!",1,Negatif
"pesanan lunas, 3 hari dikirim. pihak penjual mengajukan pick up barang tidak respon sama sekali pihak tokopedia. pihak ekspedisi manajemen tokopedia perlu evaluasi di rombak. beda sama shopee, pengiriman paling lambat 1 hari.",1,Negatif
"aplikasi sama sekali bermutu. harganya lebih mahal, promonya zonk. pengiriman lama. ribet belanja disini. csnya kurang tanggap mengatasi masalah konsumen. sangat kecewa merasa sangat dirugikan aplikasi ini.",1,Negatif
"udah paling bener sih jual/beli app sebelah aja, sini udah bener, harga mahal kualitas bintang 1, masa customer udah bayar tiba"" balikin nominal jauh pembelian. lain mending gausah sini sebelum terlambat.",1,Negatif
"hati2 akun toped sangat tdk aman & tdk bertanggung jawab masalahnya melakukan transaksi sejumlah 10 jutaan lalu cancelkan penjual lalu uang refund baru masuk 2 hari setalah si penjual me- wa transaksi luar toped tolak & menyuruh menekan link untuk merubah ekspresi jne j&t, pas klik masukkan nomor dan kode otp ( gagal ) itu menguras uang saya yg refund toped membeli voucher gift",1,Negatif
"jualan tokopedia sejak 2019, selama aman aman walaupun trafik toko terbilang sedikit, siang kaget banget tiba tiba muncul notif kalau toko ditutup permanen pihak tokopedia ampun. bye bye tokopedia.",1,Negatif
"sebenarnya banyak benefit tokopedia, sayang gak semua merchant cod padahal lapak nya menyediakan pembayaran cod. lagi gopay latter dimutasi sistem baru alhasil malah g pakai.... ah sudahlah ....",2,Negatif
"bagaimana caranya menghilangkan iklan tokopedia hp yg tiap 2 menit muncul, gk suka dn gk mau iklan tokopedia sangat sangat sangat mengganggu!!!!!!!!!!!",1,Negatif
"promonya dikit, sekalinya pake voucher promo eh dibatalin sistem. penjualnya tidak jelas, banyak produk kw dijual tokopedia tp rating tokonya bagus 😃 hati-hati aja, be smart buyer mending ganti aplikasi sebelah 😚",1,Negatif
"feed jangan video dong kembalikan dulu lagi, soalnya mengganggu banget mau belanja bukan mau liat video reels 😞atau mungkin kasih opsi bagian feed melihat video foto seperti dulu",2,Negatif
"versi 3.234 ngebug dibagian pembayaran menggunakan gopay later belanja tanggal 17 september jatuh tempo tangihan tanggal 1 oktober seharusnyakan 1 november, tagihan oktober keluar 15 september rada bikin bingung, harap segera perbaikan versi berikutnya",4,Positif
aplikasinya sering membatalkan sepihak. kalau pakai metode transfer bank malah masuk refund jadi ribet masukin itu lagi kalau mau tranfer balik hasil refundan bank malah kena admin. rugi ribet malah gaada yg didapat akhirnya,1,Negatif
"hapus aja layanan expedisi anteraja konsisten expedisi, barang dah hampir malah mau retur kpd penjual. harusnya nyampe 1 hari lg malah kembali...enakan belanja shopee.",1,Negatif
ga tau toped pilih ekspedisi yg jelas.barang bisa² nya diam selama 2 hari tnp update.update lgi sdh pindah ekspedisi barang yg laen bisa²nya tangan kurir smpe 2 hari di antar tujuan. lbh selektif memilih kurir jangan mentang² gratis ongkir trus seenak nya,1,Negatif
"haloo tokped mau tanya, apa kurir kalian, pernah bermasalah dgn cod, tp knp kurir enak2 retur barang orng, krn alamat sy tempat kerja otomatis tggl merah libur, besoknya status dibawa kurir tp diantar2 dgn alasan bad address, besoknya statusnya return,kurang ajar bngt. cari kurir yg benar2 kerja boss, klo ky gitu kurirnya brrti jd kurir drpd tidak kerja aj kynya. sertakan sekalian nama kurir nomor hpnya pd status pengiriman mungkin lebih baik.",1,Negatif
tu hobby banget belanja online sampe kulkas aja beli online dulu pake toped saya sedih jaman sekarang aja tu kita dah bayar menunggu konfirmasi penjual...tegas lah seller..kita beli jadi ngak apalagi pas kupon yg masa kadaluarsanya.. barang di-posting berarti readi jadi ngak perlu konfirmasi konfirmasi lagi. yaa,1,Negatif
kecewa mau order bang ongkos kirim malah mahal 40ribu sekarang uda 72ribu man dpt untung kalu ongkos kirim segitu.. uda sering pake aplikasi malh dinaiki harga ongkos kirim ya.. kasi pedang kecil untung gx seberapa ongkos kirim yang malah...tolong ongkos kirim di murah hin ya terima kasi.. mohon maaf kalu salah kata..,1,Negatif
"kali kecewa tokped. dulu aplikasi aku uninstall lantaran spam iklan, kali dah by by dah tokped. bagaimana kok bisa2 nya pengiriman sameday berubah menjadi reguler sefihak, entah sistem tokped menang seller, kok bisa2 nya, ngak habis fikir dah. apa lantaran memakai bonus free ongkir lantas seenaknya menggantikan kurir sameday reguler, namanya bukan bonus pembohongan konsumen. kecewa berat mu tokped.",1,Negatif
"tokopedia, pembayaran metode gopay eror proses verivikasi pembayaran stuck situ tidak konfirmasi pembayaran berhasil tidak. karena itu, mohon segera ditangani dikarenakan barang tang sangat butuhkan dibeli😭 sekian terimakasih.",1,Negatif
"yg salah aplikasinya seller nya, 4 hari orderan tak beritanya. kurir nya tokopedia semakin ngawur saja, di kabupaten, 3 hari tak sampai. hari 16/9/2023 terulang lagi, kurir toped error uteke",1,Negatif
rekomendasi expedisi sangat buruk.. ada kejelasan posisi paket.. menu bantuan sangat membantu.. pengalihan expedisi sangat recommended..,1,Negatif
"nyesel jualan tokopedia, customer care nya adil menyelesaikan masalah retur barang. belanja official store beli charger barang sampai alamat, duit satu bulan baru balik lagi. pertama terakhir pake tokopedia, memang paling enak pake shopee aja. nyoba tokopedia pembeli yg minta aja",1,Negatif
"tokopedia kipak,barusan make buat belanja bayar via indomaret berhasil tpi keterangan aplikasi tokpednya gagal harus narik dana rek,makanya aku punya rek minta bantuan kasir indomaret,pas udah ganti gopay mau nyoba beli pakai gopay eh malah voucher pengguna barunya ikut hangus jga, kipak lah!!! udah mau topup alfamart eror eh pembayaran via indomaret eror jga, ampas pokoknya!!",1,Negatif
"selalu jadi e commerce favorit. tiap beli barang selalu sesuai, gapernah kw second xixixi. sistem ui nya udh cakep tinggal poles dikit. untuk metode pembayaran nya ditambah ya👍🏽",4,Positif
"dikecewakan layanan pusat bantuan, responnya lama memberi solusi. sayang bgt, aplikasi bagus tp tidak didukung layanannya. berbelitbelit tidak nyambung. bahasan jawabnya kemana. emg disengajain gtu apa gimana ya?",2,Negatif
"kasih opsi ganti kurir deh , ngirim paket sama2 si pulau jawa nyampe seminggu . ekspedisi kayak gini kalian rekomendasiin ????? 3 hari baru pick up, barangnya di kota asal 3 hari sampe sekarang , mau seminggu sekalian ? nyesel blanja disini . dulu beli printer 2 minggu baru sampe lewat tokopedia ! gak jelas ni lama2 tokopedia",1,Negatif
"curang pesanan batalkan sistem gara2 pembayaran pakai transaksi yg sama, tp voucher pengguna barunya sama sekali di kembalikan. belanja aja belom udh gada voucher.",1,Negatif
"gratis ongkir pilih otomatis, biasanya yg dipilih sicepat ato anteraja, lucunya anteraja transit sicepat, sicepat transit jne, jadi makan waku 10 harian baru sampe ... jadi males pake tokopedia, padahal bertahun-tahun belanja tokopedia, skarang pindah marketplace sebelah...",1,Negatif
"halaman komplain error ajukan komplain, padahal aplikasi lancar jaya. payah banget, makin kesini makin berat, fitur tidak guna makin banyak",1,Negatif
"pelayanan sangat buruk sekali ,terus gara gara sama alamat rekening bank pesanan dibatalkan voucher pengguna baru dikembalikan,mending pindah toko oren lebih bagus pelayananannya gak kayak toko ancurr parah",1,Negatif
"tokopedia berpihak expedisi ngaco. paket tanggal 19 agts 23 28 agts sampai, alasan brapa kali gagal kirim not at home, padahal aslinya kuril gak pernah alamat. komplen resmi via toped malah di suruh melengkapi alamat max. 30 agts bila order dianggap selesai dana diberikan penjual. kan disengaja... alamat benar, tanggal 26 agts aja palet dr toped baru dengan kurir expedisi berbeda. expedisi salah dibelain",1,Negatif
sekarang tokopedia makin mahal sedikit promo nya.. masa mau ngisi saldo e money aja mau ngisi 100rb udh kena admin 1500 ditambah biaya layanan 1.000 mending ngisi indomaret/alfamart rekomen ngisi apa apa sekarang tokopedia!! udah mahal sekarang..payah tokopedia sekarang 👎👎,1,Negatif
sekian lama pake tokopedia... sekarang kecewa banget sama pelayanan tokopedia care. plis melek pelayanan apk oren. lebih baik handling complain.,1,Negatif
"jangan pernah beli tokopedia uang pembatalan si penjual pernah ke limit pembeli,saya korban penipuan tokopedia.penjualan barang palsu barang rusak.ingat jangan pernah transaksi tokopedia kalian kena tipu!!!",1,Negatif
"dear tokopedia. sebelumnya senang belanja tokped. kenapa keluhan menghubungi tokopedia care diabaikan? diminta menunggu 10 menit, sampai 1 jam ada respon. pesan saya diread saja, diabaikan. benar2 kecewa rasanya",1,Negatif
"sudah nyaman belanja seler2 aplikasi tokped terutama pembayaran via briva cash, masa pesan barang tgl.07/08/2023 tgl.08/08/2023 pesanan belum jg kirim mau komplain pembatalan persulit padahal uang sy sdh berada pihak tokped, mungkin bisa jd pelajaran buat pengguna tokped yg agar berhati hati kalau belanja tokped dgn pembayaran cash via briva",1,Negatif
"pengiriman super,,, super,,,, super lambat. nyesel banget belanja tokopedia.banyakan alasan, cari komplain kesana kesini. bener,,, bener nyesel.... kapok. mending pakai shoopee/lazada.buat teman"" jangan cari barang tokopedia. pengiriman kayak siput👎",1,Negatif
"sdh 2 bulan top up gopay tokopedia selalu tdk bisa, padahal sebelumnya selalu ? di klik top up gopay, terus bagian selanjutnya tdk di tampilkan.",4,Positif
"maaf turunkan bintang 2. merasa tokopedia berpihak penjual. ada masalah pesanan gagal dipickup penjual minta penjadwalan ulang. kesal chat apa barang ready kirim hari ini, penjual bilang bisa tapi ga, mau ajukan pembatalan persetujuan penjual. saya, harusnya tokopedia jga secara sepihak kasih ksempatan kirim penjual pembeli segera cancel pembeli rugi waktu penjual minta pickup ulang konfirmasi pembeli",2,Negatif
"penjual ,dapat komplainan 2 link foto 60pcs kirim 120pcs , pembeli kira isi 100pcs , tokopedia lebih condong pembeli tau² saldo masuk , uang barang sebagian hilang di kembalikan pempeli , ada perlindungan penjual !!!!!",1,Negatif
dulu sering belanja ditokopedia dulu banyak promo menarik sekarang jarang promonya sekarang biaya tambahan aplikasi jaga jadi kurang menarik akhirnya pindah sebelah aja yg banyak promonya,1,Negatif
awalnya dpt promo serba 1000 pengguna baru. eh kok lama banget pas mau chek out. terus tiba-tiba gabisa lagi. aneh. udah paling bener shopee emang,2,Negatif
"memasukkan kode voucher terus melakukan pembayaran selalu dibatalkan sistem, dananya kembali rekening bank,melainkan saldo refund tokopedia ngurus kali, malah ribet",1,Negatif
"lumayan lah pada lain, namanya blanja online untung""an..cuman masalah pengiriman memang bikin emosi,tp asal nyampe sudahlahh..diskon bla bla ,suka"" lo lah,bisa aku pake ng udahh.....kalo peningkatan bintang ku tambah..",4,Positif
"dong sicepat usah dipake, mungkin harganya murah tp kualitas sicepat mmg murahan sekali, masa pengiriman jkt-makassar 9 hari, trus cs si cepat robot, jawabannya itu2 aja solusi, tokopedia tingkatkan performa utk pengiriman",1,Negatif
"ga sesuai moto nya.. belanja aman nyaman.paket kerumah,dikomplen katanya sampai..lah bagaimana masa iya bohong paket tidak diterima. payah ...payah..",1,Negatif
"saran jangan langganan plus, bayar lebih tp pengiriman sama aja pake kurir rekomendasi yg lelet, terutama j*e.. prioritas tokopedia care nya ngaruh, nggak ada tindak lanjut",1,Negatif
makin bertambah usia makin buruk sistem ny kalah sama si oren malah lebih bagus walaupun sama2 gratis ongkir memilih kurir yg kita mau seperti tokped yg bisa milih kurir sendiri.... ada fitur penilaian kurir,1,Negatif
"pengiriman lamaaaa,,, toko lama pengepakanya, ekspedisinya lelet bgt, knapa kbanyakan ateraja, pdahal klo pake jne lbih cepet, masa pemesanan smpe barang rumah makan waktu 2 minggu, klo apk yg paling 3-4 hari doank",1,Negatif
susah ribet banget. usah memberikan voucher potongan harga tidak digunakan banyak masalah. akun beda device beda orang nomor dituju sama aja gabisa transaksi pulsa?!?!?,1,Negatif
"fitur rekomendasi kurir berguna,paket diputar terus tidak sampai tujuan proses lama tidak melacak lokasi paket,kecewa berat sama tokped",1,Negatif
"topap imoney, masuk toko pedia nya berhasil, gimana tindak lanjutnya ngga ada, bukan masalah nominalnya respon nya ngga ada, padahal sering transaksi di toko pedia, tlng perbaiki, kasih bintang 1 dulu karna kurang pelayanannya sama costumer tks",1,Negatif
"lama belanja tokped. kirain sdh perubahan, ternyata sama aja. pakai gratis ongkir malah jatuhnya lebih mahal. gara2 kurir rekomendasi shingga sistem milih kurir rekomendasi itu, pd yg jelas2 kurir rekom banyak yg komplain. hadeh..... cari penyakit ni tokped. the best shopee lah",1,Negatif
"pesan tanggal 5, kirim tanggal 7 jakarta saat tanggal 11 posisi status pengiriman jakarta proses sangat lama, respon toko lama, cs gak ngasi keterangan yg detail super mantap kali belanja di sini",1,Negatif
"akun gopay tidak disambungkan tokopedia, punya setoran harus dibayar. jadi bingung gak bayar setoran kalo akun gopay saya gak terhubung ke tokopedia",1,Negatif
"udah cekout pembayaran pakai gopay sebagian sebagiannya lewat gerai, baru mau otw bayar barang malah keburu kejual orang, ko bisa? kan udah saya cekout jadi keselllll, gak kaya toko kalau udah cekout bisa cekout orang!!",5,Positif
buka aplikasi tokopedia akhir2 agak loading/lemot... padahal refresh... signal wifi/seluler normal.. segera di perbaiki..,4,Positif
"barang sy 4 hari ini. padahal tokonya di jakarta, maaf setelah datang sy uninstall dulu aplikasinya hingga sampai ada perbaikan sistem pengirimannya",1,Negatif
"barang yg kirim bagus penawaran bebas ongkir selalu ad minggunya, yg membuat kecewa jasa pengiriman yg sengaja lambat-lambatin padalan barang 1 kota saya sengaja lambat-lambatin tim tokoped berikan arahan update jasa kirim lebih percepat kasihan kepada konsumen yg menunggu berhari-hari",2,Negatif
"gak niat kasih promosi ya.. dpt promo, dah dibayar seenaknya cancel.. emang sengaja ngilangin voucher promonya ya.. klo gak niat gak usah ngadain promosi.. bikin kecewa aja.. dah laporan malah dibilang pelanggaran.. hei tokped, aq make baru pertama tergiur sama promosimu, rugi kuota, rugi waktu buat buka apk mu malah pelayanannya 👎 dah lah emang enak pke apk sebelah-sebelah.. gak gampang asal cancel 👎",1,Negatif
"pelayan cs payah cuman modal ai, pengeriman rekomendasi tokped acak acakan, awal si cepat tengah jalan pindah jne mangkrak transit pindahan si cepat jne, barang sampe sampe traking web bisa, cuman track di aplikasi tokped tidak update update mangkrak",1,Negatif
puas banget pake tokopedia belanja barang elektronik kaya hp laptop gk pernah dapet barang kw. beli kartu etoll sampe alat perbaikan mobil semua di sini barangnya bagus2. gratis ongkirnya loh selalu dapetin. promonya menarik kalo pake gopay mantab deh sangat puas tokped,5,Positif
"pelanggan setia tahun 2017 sekarang pakai tokopedia, bertransaksi membeli melalui gojek indonesia, alfamart, playstore, telkomsel bri. terimakasih tokopedia mempermudah memberikan manfaat satu aplikasi. tetap terus menjaga kualitas, kuantitas kredibilitas didalam satu pola transaksi. umkm saya juga mendukung kalian.",5,Positif
"mohon photo / foto penerima barang segera dihapus barang diterima _ paling lama terkonfirmasi barang diterima pembeli / pembeli memberi ulasan kpd lapak penjual , photo bersifat privat & disalah gunakan pihak yg bertujuan baik. uu ite bersifat melanggar hukum kurier mengambil foto seizin pemilik / yg bersangkutan tokopedia meng upload forum jual beli & bs dilihat banyak pihak. mohon perlindungan kpd konsumen dikedepankan. mks",1,Negatif
"kecewa sama toko pedia kali ini, pembayaran internet tv kabel menunggu 1x24 jam terproses-proses, pengembalian dana tidak ada,di email disuruh menunggu ,mau kapan menunggu.! diperbaiki toko pedia",5,Positif
"tokopedia pilihan jasa kirimnya knpa busuk semua sih? potongan gratis ongkir,tapi jasa kirim dipilihin sama sistem.pilihannya yg buruk.percuma dong harusnya barang dah sampai,ini muter terus disatu tempat.kalo barang urgent keburu gak kepake",1,Negatif
dana yang bermasalah 470.000 dikembalikan tokopedia sekarang akibat pesanan yang hilang dibawa kurir si cepat halu....!!no recomended..!!!,1,Negatif
sangat membantu.. penjual yg rugi kan tokopedia sama sekali membantu proses pengembalian dana... sangat lambat proses tersebut.,1,Negatif
"aplikasi lemot bener dah... kurang kerjaan dioprek2 terus menu hahaha diskon ada, gratisongkir jg secuil... selamat tinggal toped, kita belanja diaplikasi yg ringan banyak diskon shopee lazada ttshop... toped dah payah hahaha",1,Negatif
"baru pakai tokopedia buat beli pulsa sih cashback dipasang ekh pas pembayaran malah dibatalkan sistem sampe 3 kali dong, dari situ uang yah ngk masuk otomatis shayy kesaldo atm harus prosesnya giman sih, kalo promonya ngk pas dipasang dong enggak nya buakn pas udah dibayar aneh banget jadi malesin huhu",1,Negatif
"semakin hari pengiriman jelas kirim kota sama aja sampai 3 hari lebih tokopedia ditindak lanjuti masalah pengiriman bisa merugikan penjual sekarang seenaknya hapus kupon transaksi, kalo emang gabisa dipake jangan dipajang sangat merugikan",1,Negatif
"apa cuman aku yg ngerasa pengiriman tokped tuhh lama bgt, terlalu sering sih pesan tokped krna bbrpa kali coba rata2 diatas 5 hari bahkan sampe lebih 10 hari pengiriman nya 🤣 emg iya sih kasih gratis ongkir, kayak toko laz*** deh, biar gratis ongkir tetap cepat kok, kalo tempat aku rata2 4 hari udah nyampe. tidak puas bgt sama pengiriman tokped, jadi maless blanja👎",2,Negatif
kalau kendala cs lambat menangani. lalu pengiriman melalui anteraja sering mengalami kendala. cs nya aja lambat bagaimana bila hal buruk paket kapok pake mending pindah sebelah yg lebih baik,1,Negatif
"korban tokopedia, belanja tokopedia barang tersebut palsu digunakan, bada pengembaliaan ongkit sebesar rp 105000 tidak kembalikan padahal korban karna kesalahan penjual tetap uang ongkir tidak kembalikan bahkan tokopedia lebih memilih toko menipu pada pelanggan banyak transaksi tokopedia bahkan toko tersebut baru satu penjualan di banding yang sangat banyak belanja, lebih memilih pindh",1,Negatif
balikin jadi bintang 5 karna bebas ongkir voucher diskon digabungin dan kalo bisa ada fitur bisa memilih mau pakai kuota bebas ongkir plus mau pakai reguler. biar kuota reguler mubazir,5,Positif
"sejak sering update cod nya sangat sulit malah sekarang mau pesan udah pesan masuk opsi pengiriman muncul keterangan untuk mendonlod ojkn ,kalo fersi lama lebih mudah",2,Negatif
tokopedia. menolak komplain iphone 13 jadi batu. padahal ada bukti unboxing nya parah bener ya. malah membela tokoseller terbukti melakukan penipuan customer. lebih baik tutup aja deh kalau emang melindungi customer seller nakal,1,Negatif
"diperhatikan lgi jasa pengiriman nya, udah tau anteraja sering komplain bermasalah knapa dipake tokopedia, kick aja anteraja pilihan jasa pengiriman tokopedia, hampir 3 hari barang gak di pickup",1,Negatif
"sdh lama pakai toped. tp sayang sekarng mulai gak jelas soal belanja min 20k gratis ongkir... lagi toped sering error.. mau kasih ulasan susah. . rumah toped bermasalah lah,, ruang penyimpanan tdk cukup lah, pdhl ruang banyak.. terlalu sering minta update, tp malah semakin gak jelas.",1,Negatif
"ga asik ahh, dulu pake voucher cashback + gratis ongkir. sekarang malah ngikutin si oren cuma bisa make satu voucher. pengguna apa apa carinya tokped, serasa dikhianatin. ketambahan kurir rekomendasi kaya siput. lemot banget. makin benci sama tokped. merger sama gojek bukannya membaik, malah makin buruk.",1,Negatif
"kemarin barang di refund, saldo tertahan 2x24 jam.. sekarang saldo sudah balik, ehh narik saldonya-pun nunggu 1x24 jam.. sumpah pengen aku maki-maki rasanya!! pengiriman juga, ada perubahan sekali, lama!!! biasa memakan waktu 2-3 hari nyampe, di tokped sendiri makan waktu satu dua minggu",1,Negatif
"1.pengiriman cepat 2-3hari sampe, 2.klaim asuransi beneran memuaskan utk produk basah yg rusak akibat expedisi lgs dicover jd gk ribut2 dgn penjual, 3.chat tokpedcare selalu continue sekalipun keluar room gk dianggap endchat, 4.sayang gratis ongkir terbatas, 5.biaya aplikasi+jasa 1rb aja, semoga utk gambar pilihan 360 spy gk lemot, 6.adakah solusi klaim asuransi utk produk bermasalah salah pencet tombol terima produk? 7.bantu penjual baru spy produknya muncul search jg",4,Positif
sekarang tokopedia jelek banget pengiriman nya lama... kbuang waktu ama 1 tempat... masa 1 tempat aja sampe 4 hari gak kirim2.. kurir nya jelek terllu malas... jadi males belanja tokopedia...,1,Negatif
"kalau niat kasih promo, gausah voucher segala inbox. alhasil buang2 waktu buka aplikasi. udah order dicancel otomotis sama system. apk rugi.",1,Negatif
ui tiba2 jadi berat tidak efisien ? padahal dulu lebih smooth mohon ditingkatkan,1,Negatif
kalau dah bagus update. update malah kacau. tiap liat produk kembali balik asal. jauh scrol liat produk kita klik back balik awal. sebel deh bikin lama dan makin banyak makan kuota. apa emang mau ambil kuota lebih banyak.,1,Negatif
"transaksi pertama sya tiba-tiba batalkan, aneh. saldo masuk koin tokped, tidak dibuat apa2. serlah tarik, di hold dulu. sngat merugikan sya, perlu hari juga transaksi. pihak tokped jangan itu, sngat merugikan",1,Negatif
rasa sangat jelek sekali penanganan komplain nya barang yah harusnya tiba tanggal 16 malah temukan belanja pakai aplikasi dan alamat sama selalu masalah apa tokopedia katanya mau di refund sampai sekarang mana buktinya gk ada pengembalian dana refund,1,Negatif
"memang tokopedia ada bagus bagus nya, ongkir nya mahal mahal semua udah gitu lama nya!!!!!!!!!!!!! di tempat itu murah semua,",1,Negatif
"bagus ada masalah, ada solusi .. pihak tokopedia bisa menyelesaikan masalah.. seperti shopee yg nyaman, tokopedia sangat memuaskan",1,Negatif
"war diskon hoax, akal-akalan tokopedia biar banyak yg mantengin aplikasinya, barang yg katanya diskon langsung habis masuk jam nya, aneh, lagian kalau memang promo itu 1 pcs gak usah deh gembar-gemborkan, udah pelit ongkir, pas kasih diskonan kelihatan banget bohong nya",1,Negatif
"chat penjual pernah dibalas padahal online. buka. cuma 1 penjual semua penjual yg chat pernah balas. bukannya cinta buatan anak bangsa, emang belum layaklah. belajar sama shopee gimana cara menangani pengguna.",1,Negatif
"ngomong cod apk nya ehh pas mau bayar gk cod, voucher berlaku pengguna baru ongkir nya terlalu mahal j&t express, sicepat express!!!!",1,Negatif
"hallo tokopedia sebagai penjual pembeli tokopedia, plis aturan jangan ribet2 jangan kaku, lihatlah shopee lazada tiktok bisa rame terus aturan gak aneh2. sekarang tokopedia bebas ongkir pake sicepat pengiriman sicepat banyak masalah, gerai sicept dah tutup pengiriman lelet pembeli pindah shopee tiktok lazada.. hari saja banyak pembeli yg bilang bisa cod bayar di tempat padahal toko sudah aktif fitur cod. anehh",1,Negatif
"barang gak selengkap sopi, barang yg muncul sama keyword sering beda. enakan sopi, banyak kwnya pilihan buanyak tinggal pinter pinter milih.",1,Negatif
"tokped bisa andelin kalo barang pengen cepet nyampe, rata² 4 sampe 5 hari baru nyampe, di tokped pernah paling cepat sehari, rata² cuma 2 hari.",1,Negatif
"makin sini makin lama ( pengiriman ) kalau misalnya barang datang hari terakhir estimasi gak usah kasih rentang waktu, langsung ajah, barang tanggal sekian... gak usah estimasi estimasian....",1,Negatif
"lambat pesanan update dioper oper kurir, akhirnya alamat tidak ditemukan pdhal jelas. mana udah melebihi batas estimasi . kalo diperbaiki sy ubah rating!",1,Negatif
"hallo pihak tokopedia , kenapa , sudah menyelesaikan pembayaran kok statusnya ""menunggu pembayaran"" tolonglah pihak tokopedia padahal kemarin normal normal aja sekarang kok malah jadi gini",1,Negatif
"sumpah apk nyusahin banget, retur barang ribet, bayar ongkir lg sendiri, beda banget sama shopee ngeretur barang gratis dikasih resi shopee langsung tinggal drop ekspedisi. kapok belanja tokped!",1,Negatif
alhamdulillah sekarang udh lagi pake 2 promo diskon/cashback plus gratis ongkir. jadi makin nyaman. pertahankan trs jangan perubahan lagi🥰,5,Positif
kali transaksi tokopedia kali bermasalah.. aplikasi kalian gak mengatur kualitas keamanan berbelanja. banyak toko nakal berpotensi penipuan.. ditertipkan lagi.,1,Negatif
kurir rekomendasi tidak rekomendasi. selalu di handover. alhasil biasanya 3 hari sampai seminggu. dapat kompensasi. tidak usah pakai kurir rekomendasi kalau oper sana oper sini. makin dagelan nih,1,Negatif
"belanja tokopedia bisa ganti kurir pengiriman nya, kurir pilihan bebas ongkir nya dipilih acak tokopedia, sicepat terus, kurir sicepat daerah sangat sangat lambat sekali. paling malas belanja kurir sicepat, tokopedia malah dipilih sicepat terus, saran saya mending hapus tuh kurir sicepat kurir rekomendasi tokped nya.",1,Negatif
"ubah penilaian untuk aplikasi ini.. parah komplain barang blm sampai"" entah ilang kmn paket 14 hari ada kejelasan.. udah hubungi admin jawaban diminta menunggu ada kepastian kapan.. kecewa banget sampai aplikasi ini.. pdhl udh pake aplikasi dari 2021 knp skrg jadi sistem klaim barang aja bertele tele",1,Negatif
"knp pas melakukan kesalahan pemesanan barang batalkan trs beli lagi, voucher diskon gratis ongkir yg pake sebelumnya g kembalikan. yg tdnya mau co jd males soalnya banyak biaya2nya",2,Negatif
"percuma kasih gratis ongkir kalo kurirnya make rekomendasi tokopedia. tiap kurir rekomendasi tokopedia lelet, beda sama shopee meskipun make gratis ongkir tetep kurirnya milih sesuka hati. pesenan terakhir kemarin make kurir rekomendasi tokopedia dapet anteraja udah nunggu 20 hari paketnya gak nyampe akhirnya retur.",1,Negatif
udh seneng promo diskon/cashback di gabung promo bebas ongkir malah skrg bebas ongkirnya cuman motong 20k 🥲 sedih diluar jawa bisa lebih hemat belanjanya masih kena ongkir.,1,Negatif
"gara gara dicancel saller , dana masuk saldo tokopedia . kenapa saldo tokopedia gabisa dipake ??? mengecewakan.",2,Negatif
"bos,catatan nama kurir tlp nya tercantum,bukti kiriman depan rumah,tp barang sy terima tulisan pesanan selesai.. gimana mau chat si pengirim nya,nomer nama ada bukti foto kirim,harus nya orang bukan depan rumah nya aja..",1,Negatif
klo belanja pasti pake tokopedia.. banyak diskon nya.. gk belanja online bisa bayar apapun d tokopedi. mantap,5,Positif
"promonya biasa pakai, padahal di pakai tercantum harga tetap tidak ada penurunan, di perbaiki tokopedia",1,Negatif
"diupdate barusan , produk favorit bisa dijadikan wishlist, ada open wishlist malah nampil pesan error'. mohon segera difix.",4,Positif
sekarang jadi jelek pelayananya kurang bagus tegaskan lg penjual sama kurirnya barang yg pesen segera di proses jangan di lihat aja sy bener kecewa sama. pelayanan tokopedia,1,Negatif
"diecast mobil kok si masukin katagori diecast kapal? makin kesini makin error aja system tokopedia sepihak soktau masalah system satu pintu barang hilang 3 minggu ada jawaban itu ulah system tokopedia sok tau memang tokopedia memegang system ekspedisi? kan lebih mudah padahal menemukan status barang yang hilang system ekspedisi nya langsung, 2 pasang iklan diecast mobil system tokopedia lagi-lagi sok tau",5,Positif
"misalnya gue mau beli slh 1 produk perawatan bayi, harga 33000 +ongkir 7000( dibawah 50rb gak free ongkir) biaya layanan 1000 biaya aplikasi 2000,total 43000 ! toko kecantikan gue beli produk tsb seharga 37500,beli lewat pulang kerja! selisih 5500 ! pada barang2 yg harganya 50rb up + gratis ongkir, bbrp kali aku temuin selisih lebih murah toped 3rb ampe 5rb dibanding toko kecantikan tsb! jd gimana tuh guys silahkan dipertimbangkanya 👏👏👏",1,Negatif
tokopedia sangat mengecewakan! mlkukan pmbyaran tp cancel scra sepihak krn ktanya melanggar s&k wong pdhal sya teliti mbaca sblm checkout dg voucher promo potongan 30rb pengguna baru!! byar non cod sesuai s&k!! tp stlah dilkukan pmbyarn cancel sepihak tokpednya sndri!! gk tanggung jawab!! kecewa sekali!!,1,Negatif
"barang pas perjalanan ,tau2 tahan lagi, skip aplikasi jelek, yg costumer service champion award cuman pajangan doang, ngasih solusi nggk ada, kecewa",1,Negatif
"sy user wes bangkotan lamanya, sumpah fitur komplain tokped lama banget. beli barang ternyata barang tipuan nunggu konfirmasi dr penjual? whaaat!!!!!, nunggu 4 hari??? harusnya investigasi donk kalau jelas buyer bilang tertipu, apa buyer lama dgn riwayat bgs. penjual amanah, gak lama respon komplain, kasih waktu 4-8 jam sehari buat respon jangan berhari2 lamaa. gak semua buyer punya banyak duit buat nunggu uangnya. kalau ad perubahan bintang su kasih 5,",1,Negatif
"tokopedia kurir rekomendasi jangan si cepat, udah ongkir mahal paket sampe lama banget, sruling banget salah alamat tiba tiba paket nyasar kota lain, ganti kurir rekomendasi, kalo gini caranya males oake tokopedia, gara gara kurir si cepat kerja nya asal asalan, paket makanan lama nyampe jadi basi, ganti kurir rekomendasi jadi jnt qtau jne",1,Negatif
"udah checkout dapet diskon 25rb, eh dicancel sama sistem. padahal udah tf, malah direfund. alasannya sesuai syarat. mau checkout lagi, diskonnya hilang. lawak nih wkwk",1,Negatif
"fiturnya terlalu lengkap sampe"" saldo yg refund karna pemesanan yg digagalkan susah buat ditarik, berbagai macam kode verifikasi yg bisa dikirim sms dan ada kode verifikasi yg bisa dikirim wa saja, punya nomor yg aktif tp wa nya ada, eh malah verifikasi sms, dana refund gimana dong buat nariknya?, akhirnya ganti nomor lah pake nomor yg aktif, eh dana malah ditahan sementara, waduh lengkap banget sih fiturnya, bikin nahan",1,Negatif
pengalaman pake tokped cukup lama tetapi makin kesini tokped makin buruk memilih ekspedisi memakai sameday rasanya diberi layanan gratis ongkir & barang gak sesuai waktu estimasi,1,Negatif
pas pembelian pertama dah bayar malah cancel sistem mau liat masalahnya bisa error terus mana kupon ku yg 70rb ilang ditanya sama vendor dibilang bug plus download gopay untuk ngambil uang refund-nya bukannya untung malah buntung bayar admin ewallet plus e-commerce auto uninstall,1,Negatif
"tokopedia lebih bagus dulu,sekarang diupdate malah tambah lemot sering ngelag.males belanja tokopedia",2,Negatif
aplikasi gak.mau rugi. belanja brg tiba cashback batalkan padahal sy jarang belanja akun cm 1. aneh kan. mending aplikasi kayak shoppey di jamin,1,Negatif
"update terbaru aplikasi tokopedia rasanya berat banget kayak update loadingnya agak lama padahal device ramnya 8gb internet 50mbps, benahi agar aplikasinya berat biar enak lihat lihat barang di tokped",1,Negatif
"hati2 isi e-money, isi e-money menggunakan bca virtual akun, saldo bertambah, padahal statusnya berhasil, ada pilihan complain, susah banget, udah loadingnya lama",1,Negatif
"transaksi gagal mulu mana penjelasan gagal nya kurang lengkap (ux ny buruk), voucher tpi gagal mulu transaksi nya mending usah aja tu voucher klo ujungny gabisa"", mana ribet dah masalah saldo dibatalin, lama-lama bikin emosi🤬",1,Negatif
"khisis pinggini biri bisi dipit primi bilinji pridik hinyi siribi, din dipit vichir gritis ingkir, halah iming² doang. aku blm pernah belanja tokopedia sma sekali, mau nyoba beli produk khusus pengguna baru, aku beli tuh 1000 + ongkir pake voucher diskon gratis ongkir khusus pengguna baru. pas aku udah bayar, eh apaan malah ditolak gk jelas, ""indi tidik miminihi syirit kitintiin"". emng uang ny dibalikin, tpi aku nyesek mana udah top up gopay lgi, hbis voucher nya ilang",1,Negatif
"hampir 2 tahun pakek aplikasi tokopedia pas mau masukin akun lama mlh gak daftar akun baru nggak bisa, mlh tertera sesi habis mohon perbaiki",1,Negatif
"butuh barang jadi mudah, perlu keluar rumah harga lebih murah beli offline. lebih menariknya ada bebas ongkir, promo diskon juga cashback.",5,Positif
tokped enak kelihatan opsi pengiriman yg diaktifkan/terpilih. gak perlu buat pesanan dulu kayak apk sebelah. kenapa selalu opsi pengiriman anteraja jnt express. kemahalan ongkir 59 ribu si anteraja. paket saya ambil sendiri. voucher masa bisa buat pengguna baru. lama gimana? masa gak potongan. syaratnya banyak. biaya bank transfer bca tdk termasuk. harusnya dimasukin sih kayak sebelah itu. apa biaya layanan coba. banyak betul biaya tambahan.,1,Negatif
"2 minggu kenapa tokopedia funstation memberikan diskon 75% ? padahal sebelumnya sering sekali berlangganan tokopedia & mendapatkan diskon hampir besar 90%. mengecewakan, pindah toko sih oren aja sekarang",1,Negatif
"sebelumnya sebagai penjual tokopedia memberikan nilai sempurna, sekarang benar-benar kecewa tokopedia 1. pake kurir pilihan seperti diseleksi terlebih kualitasnya, sekarang pengiriman jadi lebih sering terlambat barang bergerak transit, sangat sangat buruk 2. menggunakan layanan cs sepertinya memasang ai, yg sangat sangat memuaskan tidak solutif 3. cost yg dibayar seller bertambah layanan amburadul",1,Negatif
"sekarang eror terus tokopedianya. buka, katanya internet nya eror masa 3 hari gak bisa di buka selalu eror. jadi pengen uninstall apk",1,Negatif
"ngasih promo buat pengguna baru buat apa kalau bisa pake, kecewa banget melakukan pembayaran malah gagalin sama sistem, jangan mau download tokopedia pembodohan iming² promo pengguna baru",1,Negatif
"aplikasi gak jelas, kali mau transaksi gagal, tau penyebab gagalnya apa. masalahnya per transaksi uang admin tetep kepotong, kali 2 kali transaksi keduanya gagal yg direfund uang full, karna uang adminnya buat kalian. belajar deh apk sebelah kalo emang kira2 trasaksi dianggap tidak valid jangan sukses kan pembayaran kalo gini kan customer yg rugi. kan gak lucu 10 kali transaksi 10 kali gagal uang adminnya kalian makan. gak jelas banget",1,Negatif
"kedepannya, potongan ongkirnya dipilih sesuai ekspedisi pengiriman kita mau, susah kalo 1 ekspedisi doang didaerah layanan ekspedisinya buruk.",5,Positif
aplikasi tokopedia belanja online sangat bermanfaat saya sekarang gopaylternya jadi semakin membantu berbelanja online beli sekarang bayar saya sangat merekomindasikan aplikasi terimakasih tokopedia!!!,5,Positif
barang gimana...tdk kabar...hilang kek to curi kek... tdk guna nya tokopedia care....tidak profesional aturan kasih pembeli kabar.... bukan diam suruh tunggu terus... profesional lo...tdk tanggung jawab x tokopedia..👎👎👎,1,Negatif
"ampun liat aplikasi , dr dulu gak perubahan !!! barang sampai kota sih customer tp nunggu 4 hari baru bawa kurir .. nah , di bawa kurir pas liat updatean nya ternyata bacaan "" diantar ulang "" tutup aja aplikasinya , soalnya beda jauh dgn aplikasi orange sebelah .. segi harga , kualitas barang , pengiriman ramah tamah kurirnya .",1,Negatif
"kalau update, bila diklik ngga masukvaplikasi, mana update-an lebih 50mb, ngga sih apps kalau update tetap masuk di update....",1,Negatif
pihak tokopedia mohon sangat. sekarang banyak toko jual hp hdc tokopedia jadi toko tersebut tutup tidak lebih banyak korban tertipu.,1,Negatif
"parah..sudah lama tidak belanja tokopedia,pas belanja pesanan ditolak,dengan alasan melanggar s&k.mana bayar pakai transfer,dana refundnya mau tarik..gopay belum upgrade.",1,Negatif
"semenjak jadi go-to jadi ancur. pengiriman super lama, kurir rekomendasi cuma buat pembeli pusing. banyak biaya tambahan tpi pelayanan jelek",1,Negatif
"gopaylater cicil akhir bulan misal tanggal 17, jatuh awal bulan tanggal 1 bulan berikutnya (hanya 13 hari) seperti sebelumnya 40 hari lebih (dua bulan berikutnya). kok sekarang gtu yah cuma beberapa hari aja.",1,Negatif
bagus sih. . semakin hari ongkir nya semakin mahal. . . sudah lama berlangganan tokopedia nga pernah gratis ongkir nya.,4,Positif
"aplikasi ribet, mau belanja verifikasi itu, udah verifikasi suruh verifikasi ulang gak d verifikasi. gue punya pengen belanja ribet amat.",1,Negatif
"makin suka pakai tokopedia, semakin banyak pungutan itu, plus order tgl 25 sept, dikirim 8 oct blm selesai, gagal pick hp, komplain di cancel, malah lemot parah official xiaomi store plus tokpednya",1,Negatif
tingkatkan diskon free ongkir luar jawa dong min.. terkadang mau cekout jadi ongkirnya muuaahaalll.. 🤔🤭,5,Positif
"kurir rekomendasi gak jelas, ongkir berbayar pengiriman paket malah lebih lama dibandingkan gratis ongkir. maaf jadi bintang satu bikin males belanja disini.",1,Negatif
"aplikasi tiba2 pop up pemberitahuanya terlalu sering, mohon maaf suka karna tidak sopan tiba2 aplikasi terbuka sendiri, semoga aplikasi lebih santun👍",2,Negatif
"teruntuk tokopedia,, expedisi pilih yg pasti2 yg baik tepat dlm pngantaran, jngn exspedisi baru d rekrut,, pdhal kwalitas pngiriman sangat buruk,, waktu pembelian estimasi lebih cepat pas sdh chekout transaksi selesai estimasi jadi lebih lama berubah tglnya d perbaiki lg dong,, kasian yg perbisnisan yg mau d jual lg yg mau produksi, krna lamanya kurir, yg kwalitas buruk d pakai., jangan pakai kurir dr rex, menghancurkan bisnis",5,Positif
aplikasi jadi lambat sering respond lalu force close.. sekrang pas buka aplikasi langsung d arahkan toko tertentu ganggu banget..,1,Negatif
apa voucher kalo batalkan sistem!! mana gak di tarik susah!! masa refund banyak baru narik uang!!,1,Negatif
"gak diandalkan lagi, soal top-up pulsa dll, beuhhhh bermasalah melulu. developernya niat ngembangin apa kagak ??",1,Negatif
"aplikasi kok suka keluar2 sendiri,ini kok tambah hari tambah ndak bener,""tolong diperbaiki dong aplikasinya"",masak mau cari produk(discrol)-kok malah ""ngeblank""(kembali dr awal),woooeeeee.......aplikasi diperbaiki,orang mau tranksaksi pembayaran tidak",1,Negatif
parah... tak update tiap kali... buat review produk & cek pesanan muter2 & loading terus gak ujungnya... ayo bos.... perbaiki aplikasi mu iku bossss.....,1,Negatif
"saldo refund nya masuk2 rek saya, padahal 4 hari tunggu2 nilai refundnya tidak sedikit 2jt an krna pesan ac saya perlu pakai uangnya lagi. dong tokped diperbaiki sistemnya jgn menyusahkan pelanggan ini",1,Negatif
"parah! masa transaksi ditolak otomatis sistem, jd gak make promo pengguna baru dong. jelek bgt lah pelayanannya. otw uninstal",1,Negatif
"ternyata sama dgn lazada......saya pernah lazada barang gk duit gk balik........ sekarang kejadian toko pedia barang blm sampai2, komplain anggap selesai pdhl pesanan blm diterima, kl tanya jawabnya sdg pantau2.......tp gk solusi. hati2 belanja online vendornya gk tanggung jawab.",1,Negatif
"beli pengguna pertama harga 1000 ongkir 19000 gratis ongkir jadi 12.000an udah dibayar udah transfer eh tiba tiba batalkan sistem,bagaimana sih maksutnya ini???tidak jelas sekali",1,Negatif
toko bagus. cod toko tertentu .dan pengiriman super lama. semoga perbaiki keceatan pngriman cod nya. yg laz no 1 cepat nya pengriman cod seluruh toko otomatis. 2 shp lmyan cepat pengriman. cod tunggu konfirmasi dlu pihak toko. jdi saya yg laz lebih bagus dri toko online yg di indonesia. 🙏🙏🙏,5,Positif
sekarang kok pelayanan makin menurun sih. yg pertama estimasi pengiriman lama bgt. tanggal 7 estimasi nya tgl 10-14 diundur lg tgl 16. sampai sekarang diantar juga. dikasih kurir rekomendasi yg gajelas. bikin aku muak belanja disini. tokopedia care ada itu cuma bot. disuruh diskusi pusat resolusi. ada sama sekali. buat kalian mau coba belanja pake apk ini. mending dipikir2 dlu deh.,1,Negatif
"aplikasi sampah pesan hp huawei mate xs 512 normal waktu datang hp layar ada rusak arahkan retur barang jasa asuransi hp kirim sampai tempat asuransi marin uang sampai sekarang di berikan. awas penipuan. minta secepat nya dana saya karena melebihi batas estimasi maximal di janjikan, termasuk menyalahi aturan masalah ke2 belah pihak selesai pusat komplain di tutup dana di teruskan pihak penjual",1,Negatif
"tokopedia sekarang gak asik, keterlambatang pengiriman mau komplain tunggu 5 hari dulu.. seperti dulu kalau telat pengiriman langsung komplain..",1,Negatif
"pertama make tokped niatnya mau beli barang official store soalnya toko sebelah gada officstor nya, udah bikin pesanan karna pertama kali jadi dapet diskon, banyak milih asal pencet aja penting barang gua bukan diskon ongkir dll, abis checkout langsung buka aplikasi dengan pikiran nunggu barang sampe aja, eh tadi ngecek karna udah 2 hari belom sampe ternyata batalin sistem, padahal diskon potongan harga&ongkir sistem, bikin buang² waktu aja",1,Negatif
"habis update susah buka detail pesanan konfirmasi barang terima, untuk lain2nya lancar jaya, nah lho toped, kasihan sellernya, ayo dong di benerin..",1,Negatif
"baru ngaktifin pakai toped alhamdulillah udah langsung diskon luar biasa...semoga kedepannya toped tambah sukses,berkembang diskon² nya tambah banyak besar☺️ mantul bingiiiiit👍👍",5,Positif
"barang salah kirim pihak kurir tindakan tegas tokopedia, uang ambil barang tidak bisa di kembalikan penjual genap 1 bulan masalahnya terselesaikan, menunggu hasil investigasi pihak tokopedia anteraja, ternyata cs nya sangat lambat menyelesaikan masalahnya yah? tidak ada perkataan maaf ganti rugi, mau kapan?",4,Positif
"komplain pulsa masuk malah dibilang masuk digunakan, buat apa komplain kalo tangapanya seperti itu,mulai sekarg malas transaksi lewat tokopedia mending pake shope 😡",1,Negatif
"gratis ongkir nama ekspedisi nya ditulis dr awal,. ni tiap kurir rekomendasi, yg rating nya bintang 1 mulu yg nganter barang,. tau gitu kan mending pilih opsi reguler aja,",1,Negatif
sulit pilih kurir jadi ditentukan langsung. lagi lama tanggapannya. update tracknya telat,1,Negatif
"topp banget mau mengikuti zaman, kualitas video bs disetting 240mp, gk perlu review video jd tuh hp gk hank & sdh live + rekomendasi utk feed tp 😏byk user tauu. pengiriman cepet 1-3hari sampe rmh, apalg service chat bantuan selalu 24jam standby sekalipun slowres tp gk pernah dianggap endchat. klaim asuransinya jg selalu mengcover bila produk memang gk segar. harga toko jg lbh murah, cumaa krg ramah penjual baru, produk gk pernah nonggol di hal search, kasian penjual pd s.",5,Positif
"tiba tiba akun di moderasi padahal disana pesanan costumer masih po, chat nya sangat slowrespon,sangat mengecewakan semakin hari semakin sulit,bukannya mempermudah malah mamperumit",1,Negatif
"update banyak gangguan, tidak bayar pakai gopay,kupon tiba tiba hilang sendiri,dan banyak lagi,tolong bantuannya pihak tokopedia",1,Negatif
"pengguna baru tokopedia sangat kecewa,tiap voucher digunakan malah keluar peringatan voucher dapat digunakan tidak menggunakan nomer awal..padahal login nomer hp awal login",1,Negatif
"apaan woi toped, kurir anteraja gk pernah antar barang ke rumah lewat estimasi pengiriman kurir tiba2 ilang gitu aja info,, pihak toped bukannya bantu kembalikan uang yg jutaan malah suruh nunggu info kurir anteraja gk mau kembalikn uang saya,, mana klok komplain yg jawab bot terus tanya apa jawabnya apa, pelayanan csnya sangat buruk... 😡😡 brapa bulan duit 5jt blum di kembalikan kejelasan...",1,Negatif
"pesan barang melalui tokopedia dgn menggunakan jasa expedisi sicepat barang pesanan hilang tau kemana...saya minta investigasi kirim kelapangan ngga satu pihak perwakilan tokopedia sicepat yg datang setelah melakukan diskusi yg berbelit2 akhirnya dana baru dikembalikan, membuktikan dr pihak management tokopedia blm menerapkan sop yg baik buat vendor expedisi juga proses solusi nya terlalu lama.",1,Negatif
"edit : turun jd b1...karna cs membantu sama sekali...kurir rekomendasi tokped gak rekomen buat pake, pelayanan nya lamaaaaaaaaaaa...saran hapus aja opsi ""kurir rekomendasi"" dikirain lebih memuaskan & cepat ternyata 👎",1,Negatif
"sorry min saat sayaa kasih rating bintang 2 krna berkomplain pihak tokopedianya disaat barangnya hilang/tidak terdeteksi sma alamat pembeli, blom adaa kejelasannya berkomunikasi sama pihak pusatnya jdi kesannya males nanggapin org mau berkomplain adaa barangnya entah hilang/tidak terdeteksi jdi kesannya diabaikan ajaa seolah² pihaknya pura² tau/bodo amatan jdi saat saya kasih rating 2 lainnya bgus tpi klo berkomunikasi kyknya enggak",2,Negatif
"2 pengenaan biaya, walaupun ditampilkan terpisah..biaya jasa aplikasi & biaya layanan..bebas ongkir gak murni 100%, lebih tepatnya potongan biaya ongkir",2,Negatif
"aplikasi gak sekarang, kalau gak niat ngasih promo sama potongan harga usah kasih bos, transfer di bayar, eh di batalkan sistem,, sistem bobrok",1,Negatif
"baru mau telaten tokped eh hasil penjualan review alasan gak jelas !!!!! jangan buka toko tokped hati hati,dan sekarang toped rekomendasiin kurir sangat gak rekomendasi,duh makin kesini makin makin dah toped",1,Negatif
1. order turun 2. bnyk kurir jelek yg msh ajak kerja sama. 3. cs live susah 4. biaya adds sesuai order yg masuk. malah rugi. 5. pilihan bank digital ada penarikan saldo. contoh rek bca digital ( blue ),1,Negatif
"promo gratis ongkir sekarang pakai jne, pengiriman kalo pake jne molor, mendingan kayak sebelumnya sicepat sama j&t aja pengiriman cepat, pindah aplikasi sebelah dulu",2,Negatif
tak kasih bintang satu aplikasi nya barang pilihan aplikasi sebelah shopee ada banyak gambar pilihan ditambah tidak cod bayar tempat semoga ini aplikasi nya diperbaiki lagi😭😭,1,Negatif
tokped aneh. mau narik saldo aja malah ditahan . padahal data semua benar ada kendala . wkwwk makin gajelas. hubungin cs malah gada solusi,1,Negatif
"depelover dioptimalkan app nya, berat banget udah kayak app orange. ambil contoh yg landai app lzd, semoga segera diperbaiki.",5,Positif
selama transaksi aman jika kendala responnya cepat tanggapi. tdk pengalaman sy lapak lain. trmksh,5,Positif
"opsi pengiriman buruk, dipilih otomatis sistem, pengiriman jakarta - jawa tengah makan waktu 10 hari, parah nih aplikasi, penyelesaian masalah buruk. enakan beli shopee bro",1,Negatif
sekarang pengiriman bebas ongkir pulau jawa pontianak lama estimasi sampainya (hampir seminggu). biasanya 4-5 hari sampai.,4,Positif
"terkait diskon war jam 14:00 wib perlu adakan, belum jam 14:00 kejar diskonnya selesai.dan blm jam 14:00 barangnya habis. tks",1,Negatif
"fix putuskan bulan desember saya terakhir jualan tokped, biaya layanan makin mahal.. goodbye tokped.. trus makin banyak aja anehnya, seller power merchant, power merchant pro, sekarang plus, lama lama plus pro super pro super plus kayaknya, hehehee",1,Negatif
"gak rekomendasi ambil kurir gratis ongkir, udah 4 hari barang jakarta, terus mau di kirim kapan? cuma oper kurir tadinya id express jadi lion, tau gitu aku ambil reguler aja bayar masalah gini kecewa berat.",1,Negatif
"update nya maksa,, gak update gak pakai aplikasi memang berat 10 ton, makin di update makin berat parah, sebentar"" error...!!!",1,Negatif
"tokped sekarang terlalu banyak scam yg nawarin barang yg sama overpriced, buat algoritma toko yg pakai foto barang toko dengan kemiripan diatas 50% penawarannya diblokir",1,Negatif
"kurir rekomendasi layanan paling tdk berguna tokped, bukannya lebih cepat malah lebih lama. sangat mengecewakan",1,Negatif
"kalau orderan akan dibatalkan sistem diperkirakan melanggar s/k, harusnya dilakukan cekout berhasil. jadi pesan ""tidak cekout karena...bla..bla..bla"". kita kecele..😔",2,Negatif
"mau donlot tokped, pastikan saudara serumah tdk memakai aplikasi ini, anda tinggal kos/kontrakan, pastikan org2 kos tdk pakai aplikasi ini. krna vocher2 yg dapatkan akan kita gunakan entah aneh sekali tokped ngasih vocher, pas dipakai transaksi dibatalkan. mencurigakan mohon maaf aplikasingk saya hapus aja ,",1,Negatif
promo beras 10 10 5 kg harga rp 20 ribu promo konten yg sesuai kenyataan. waktu kurang 1 menit barang uda habis ongkir rp 37.500 ongkir ama barang nya mahal ongkir nya.,1,Negatif
"aplikasi tolopedia selalu hati, mantap 🤩🤩, saya kurang kusa, waktu memesankan barang, knp yah, di batalkan sendiri, di perbaiki lagi, pokoknta tokopedia mantap, rosssooo 💪",5,Positif
"kasih bintang 3 atas bantuannya selama ini, pengembangannya turut prihatin, segi layanan berbelit, tidak aplikasi lain, untuk voucher lainnya tidak",2,Negatif
"pengguna tokopedia,sebaiknya berhati² berbelanja tokopedia,dikarekan membeli hp malah kotak hp kosong dikirimkan penjual,dan memakai bukti video unboxing,tapi percuma,dan merugikan pembeli nya,berhati2 berbelanja sini,sebaik nya pindah shopee yang lain,tidak aman",1,Negatif
"buruk sekali, katanya pengguna baru beli barang cuma 1k pas udah pesan ""maaf belum memenuhi persyarat"" pengiriman barang batasi yang deket, mending di shoppe amanah gak tipu tipu pengguna baru gratis ongkir real no fake fake kayak tokopedia buruk banget",1,Negatif
"mulai kecewa dgn tokopedia, member diamond katanya prioritas tokopedia care nyatany cs sangat slowrespon menangani masalah. udah gitu langganan plus sblmny gratis ongkir dapet instant kurir/sameday skrg kalo mau instant/sameday bayar lagi.",2,Negatif
"aplikasi terbaik! lebih suka si oren alias shopee, pelayanan disini kayak jaringan dinasa alias cepet. kayak shopee pakai jaringan indihome bertahun-tahun kayaknya akan urus. i love you hijau, lebih baik makan bayam brokoli katuk, daripada makan wortel boong mulu katanya bikin mata minus jadi sembuh 🫢",5,Positif
masuk menu setting trus menu daftar payment pake cc udah kena admin tp cc nya blm terdaftar. tlg perbaiki sistem nya,2,Negatif
"pesanan dibatalkan sistem,,stelah chat cs katanya kesamaan identitas.. jd, kalo hape second entah beli dikasi orang tp pernah instal app tokopedia pesanan dibatalkan alasannya kesamaan identitas..lawak",1,Negatif
"sering update, sekarang jadi kurang bagus. terus expedisi pengiriman makin lambat, gak sebelum-sebelumnya",1,Negatif
"update april 23, akun affiliate dibekukan penjelasan rinci alasan masalah internal. padahal aku nipu. aku share link pembelian kantor pusat trus kantor aku beli barang buat kantor cabangnya kantor gw. malah dikira nipu.. makasih tokped 🙏. *edited :balasan hanya menipu.. sudah lapor pusat bantuan tetap diberitahukan akun affiliate dibekukan.",4,Positif
"duh pertama kali transaksi tokped buruk bangettttttt! marketplace dgn pelayanan terburuk. dibatalin sepihak dgn tiba2 udh dibyr, layanan customer service hps aja kalau pelayanan lemot bgt, tdk respon samsek. kecewa bgt!",1,Negatif
"dong lebih terjaga keamanan nya pinjamn kredit pintar, sy merasa teror terus kata2 nya sangat kasar padahal sy melakukan pelunasan.",4,Positif
"mau belanja butuh padahal, eh masuk menu pembayaran sampe 1 jam masuk2, katanya gede eror terus culun",1,Negatif
"sistem paylater terhubung gopay malah gabisa pakai alasan ""limit paylater mencukupi"", padahal limit saya punya udah sampe 2jt+",2,Negatif
"percuma dapet promo kalo ""pelanggaran promo syarat ketentuan blablablablabal"".sia² topup jadinya.niat belanja malah bikin kecewa pengguna baru",1,Negatif
"ok, udah gratis ongkir nya apk lancar, semoga lebih banyak voucher yg menarik biar gak kalah sama yg sebelah",5,Positif
"tambah fitur penilaian pengirim (kurir) sediakan kolom khusus penilaian kurir. jangan kurir bermasalah, pedagang kena imbas. lebih baik kritik saran disini pengguna pun baca. nuhun",5,Positif
"sangat senang menggunakan tokopedia. tapi, saran tambahkan fitur pelunasan cicilan cepat. contoh : "" punya cicilan 1 tahun tokopedia. bayar cicilan 6 bulan. sisa 6 bulannya ingin melunaskannya langsung."" terima kasih.",5,Positif
"sekarang sy kasih bintang 1 nya 5, sekarang banyak penjual kasih harga diluar haikal terus dicoret biar keliatan murah diskon 90% padahal sama aja, bahkan lebih mahal..please tokopedia razia seller yg kek gitu, mau official bukan sama aja diluar nurul",1,Negatif
"semenjak fitur kurir rekomendasi malah bikin paket terlempar-lempar, sebeumnya sicepat tbtb takeover lion parcel, waktunya jadi lama, sering ngendep gudang lama sblm keluar",1,Negatif
"gak guna, tiap belanja selalu dibatalkan otomatis.. percuma ngasih promoan klo gak dipake. milih barang jg pke waktu kali. buang2 waktu aja..",1,Negatif
"sudah menjadi member gold, 1x transaksi sudah member platinum. selesaikan transaksi 1x tersebut. saya tetap member gold malah 132x untuk mencapai member platinum.",1,Negatif
"aplikasi nipu, diskon pakai transaksi batal terus dasar raja gimick auto uninstall aplikaso bermutu, niay tidak niat ngasih diskon. orang niat belanja malah di tuduh indikasi transaksi fiktif hahaha lucu lawak dasar",1,Negatif
transaksi langsung batalkan sistem???kalau memang melanggar ketentuan promo kan dari awal jangan lanjutkan proses pembayaran !!!!!!,1,Negatif
knp mau masukin belanja keranjang minta ferifikasi trs ...ribet banget sih... pdhl udah masuk aplikasi pakai google....minta nmr tlpn...udah set alamat pengiriman..waduh kok gini... ribet mau belanja...,2,Negatif
"dapat voucher potongan belanja. setiap dapat, voucher bisa dipakai. selalu dibilang menyalahi snk. snk alamat berbeda. lah kalo suami sama sama pengguna tokped dan memang tinggal 1 rumah. masa iya tiba2 tokped membatalkan otomatis dikarenakan alamatnya sama. namanya suami istri alamatnya sama. masa harus titip tetangga ? bukankah kita diminta rekomendasikan keluarga. kadang malah 1 keluarga isi 10 orang alamatnya sama semua. ngadi2 ih",1,Negatif
toko pedia bisa mengatasi masalah pembatalan antar sepihak karna saya melakukan pembatalan karna salah alamat penjual mau membatalkan lapor kepihak toko pedia ternyata ada bantuan kebijakan batalkan langsung chat penjual kecewa toko pedia,1,Negatif
aplikasi keren karya anak bangsa. saran tambahkan fitur pembeli memilih layanan expedisi hapus fitur kurang penting.,4,Positif
"hapus aja expedisi anter aja , kalau engga ilang barangnya ,pengirimanya lambat , ati"" lo bakal kesalip e comers kalau masalah pengiriman gratis ongkirnya parah gini , lebih lambat dri beli barang china",1,Negatif
"belanja 20rb gratis ongkirnya g' pernah berlaku lagi. 😏 atas 50rb.. kalu shoppe ttp gratis ongkirnya walaupun belaja di bawah 50rb. biar ada ttp kenak ongkir, promonya g' konsisten 😏😏",1,Negatif
"terpaksa belanja kebutuhan toko d toped lg, sebener nya males, kalo apa2 trus komplain, admin nya terkesan selalu memihak penjual, padahal nya marketplace untuk melindungi pembeli dr nya penipuan.",1,Negatif
"pengiriman sangat sangat lambat , surabaya malang biasanya cuma sehari pengiriman sampe seminggu parah banget sih ,ga lagi belanja disini buang"" waktu",1,Negatif
bisa instal. awalnya apk bisa buka suruh update pas update bisa. akhirnya saya hapus. di hapus di instal kenapa bisa?,5,Positif
"barang nyampenya lama, padahal bukan gratis ongkir.. lazada gratis ongkir malah lebih cepet datang barangnya, status pengiriman malas update... mau komplain chat cs baru dibalas 2 jam... tokped aplikasi paling gue suka.. sekarang paling gue benci.. downgrade banget kualitas keseluruhannya...",1,Negatif
"apk nya jelas, udah pesen lewat gopay tp malah dibatalkan padahal udh bayar udh struknya, aneh bgt, uang ke buang jdny, worth it, bintang 1.",1,Negatif
jarang belanja pedia sulit voucher free ongkir. ongkirnya lumayan. seperti aplikasi,1,Negatif
"mantappp...cuma skrg pengiriman nya lama spti dulu, skrg dri estimasi tgl dtng paling lambat suka molor sampe 2 - 3 hari,klo bikin expedisi sndiri kya apk sblah 2 hari nyampe trs knpa sih skrg klo mau ngasih ulasan mesti nunggu download dulu fitur...kelamaan",2,Negatif
"parah banget,ngasih promo tp gak niat,dibatalkan sistem.. padahal jelas2 satu hp satu akun,kalo gitu ganti aja s&knya satu keluarga satu alamat cuma pakai promo satu kali",1,Negatif
"tampilan bagus, gampang, lemotnya. trus iklan terselubung yg njebak. uninstall",1,Negatif
bagaimana dng tokopedia rating menurun top up ovo melalui tokped transaksi sukses bukti tf ada. saldo ovo bertambah. dana nominal gk seberapa 250k itu saya sangat besar ada penyelesaian entah balik dana refund. skg masalah digantung chat admin pemeriksaan terus hadeh,1,Negatif
"aplikasi baru untuk lihat detail pesanan,sama mengulas kok loading mulu min,ujung2nya blank putih.... waktu pake aplikasi lama loh, perbaiki donk",1,Negatif
"halaman pilih metode pembayaran gak nampil, kayak ngeloading gt gk muncul2 pilihannya. jd gk belanja. kasih solusi.",4,Positif
"proses klaim barang hilang terlalu lama, 1 bulan lebih ada tindak lanjut pihak tokopedia. aplikator paling bobrok pernah gunakan 👎🔥",1,Negatif
"dibodohi aplikasi, diskon pengguna baru , dipake malah dicancel sistem, uang yg trlanjur dibayar masuk aplikasi dipake transaksi diskonnya ilang..... aplikasi curang.",1,Negatif
promo bebas ongkir kurir rekomendasi. ok. siap tunggu paket yang akan tujuan sesuai estimasi waktu pengiriman. estimasi 2-3 hari? paling baru nyampe seminggu.,2,Negatif
pembayaran awalnya dicicil tersedia berbagai jenis metode pembayaran sekarang jadi kebanyakan pakai gopay 😑 kalo ndak suka pakai gopay masak di paksa. gak bukti toped ndak di ss,5,Positif
"update lemottt banget lebih lemot toko orange , lebih bagus yg dulu aplikasi nya , yg sekarang hapus whitelist/ favorit barang balik ke awal atas jadi pegel schroll keatasnya , balikin aplikasi nya ah",2,Negatif
berjualan tokopedia dan tepu pembeli. tokopedia malah membela si penipu sudah merugikan sebagai penjual. barang sudah ambil tidak tindakan tegas dari pihak tokopedia user penipu berkeliaran tokopedia. sungguh sangat kecewa. harus menunggu 13 hari sejak pesanan kepada penipu kejelasan jelas.,1,Negatif
"mau komplain barang mati. tetapi dipersulit sama penjual, pihak tokopedia tdk memberikan solusi komplain auto cancel.",1,Negatif
"udah seminggu gak dikirim2 sama kurir rekomend nya, udah ajuin komplain malah balesan kurirnya tokopedia care alamatnya ditemukan minta masukan alamat ulang, kalau gak dimasukan alamat dgn batas waktu yg ditentukan uang di teruskan penjual walaupun barang gak nyampe hahaha yg korban siapa jadinya nih, terpaksa masukan alamat ulang padahal alamat sangat jelas! mau konsultasi pihak tokopedianya sulit gk punya nomer cs, ke tokped care yg gak jelas,",1,Negatif
"dikasih kolom ulasan kurir ekspedisi, biar kesalahan pengiriman ekspedisi dilimpahkan semua seller. terima kasih.",4,Positif
payah padahal update mengembangkan usaha untuk peminjaman modal selalu bisa. selalu suruh update. padahal saya update. kalo gak jangan php.,1,Negatif
"mendingan hapus tuh kurir rekomendasi ,pelanggan pengen cepet nyampe,,ini malah ngadain kuiri rekomendasi yg mana ribet lama pengeiriman nya,,haduuh udah bagus bagus sistem nya kayak dulu,malah adain kurir rekomendasi,parah ganti bintang 1 aja deh",1,Negatif
pengiriman sesuai sama jadwal ada jadi rugi dah bayar mahal mahal buat datang besok malah udah tiga hari jaga datang datang. lagi deh belanja aplikasi,1,Negatif
"kecewa berat lg dgn tokopedi karna kurir berubah otomatis cekout..contohnya sekarang yg alami kali milih jenih pengiriman selalu 2 pilihan gratis ongkir, selalu pilih estimasi yg tercepat tp cekout langsung berubah jd estimasi yg terlama..",2,Negatif
"promo ongkir pilihan cargo otomatis sistem,sekarang pengiriman sangat lama.. perubahan promo batas nominal pembelian. seminggu ordernya 10x, saya lebih beralih aplikasi sebelah pengeriman sangat cepat promo melimpah.",2,Negatif
"dibuat penilainan tuk expedisi nya terutama sicepat anteraja yg kirimanan yg selalu terlambat, kasian seller yg gercep ngirim paket tp dr pihak kurir expedisinya lambat bangeeeeeeet mana update status pengirimannya selalu terlambat akhirnya seller dpt bintang satu karna pengiriman yg super lambat coba gratis ongkirnya pake kurir expedisi selain sicepat anteraja lebih banyak yg pake toped klah jauh sm shopee, mana codnya cuma dipulau jawa aja rasissss",1,Negatif
"dpt potongan promo. barangnya retur, promonya gk dikasih kepembeli. dikira akal""an kali ya. pdhl sini yg kena brg palsu jd diretur. yg bkin kesel bea balik barangnya pembeli yg bayar, biaya adminya disikat pula. parah tokped besok lg potogan males order lg",1,Negatif
"makin kesini aplikasinya makin berat..wkwkwkwk..ui gak ush keren2 yg penting simpel,menarik,enteng. biar gak emosi pas selancar.payah.",1,Negatif
aplikasi gak kompeten.. kualitas parah... pengiriman lammmaaaa... pesanan terakhir ini.. makin mantap pindah orange.. kurirnya mantap...,1,Negatif
"alhamdulliah cs cepat tanggap. walaupun sempet kendala kurir rekomendasi tokopedia, bisa ditangani sicepat langsung ganti jne",5,Positif
"mau nanya akun tokped bermasalah apa gimana, kok setiap kali mau pakek vocher tokped, muncul tulisan'kamu melanggar syarat ketentuan berlaku mengikuti promo! "" kok kayak gitu sih, emang akun pernah ngapain kok pakek vocher, padahal ini akun baru eh udah bermasalah, konsultasi tokopedia care, yg ditanya apa jawab apa heeeee, notice ulasan saya, kalo memang akun ada masalah blokir aja gunaaa, pelayanan nolllllll kecewaaaa",1,Negatif
terima kasih tokped karna sangat membantu sayah belanja online.lebih tingkatkan semua pasilitasnya biar lebih nyaman.👍,5,Positif
paket nyangkut lama sekali padahal statusnya sdh sidakarya yg jaraknya 2km rumah kok 3 hari sampai22 siapa yg error..gimana mau sukses tokopedia klo masalah pengiriman tidak becus...mengecewakan,1,Negatif
update ngebug filter harga terendah malah menghilangkan sebagian produk itu sering ngefreeze aplikasi gak stabil,1,Negatif
"jangan pernah pakai kurir rekomendasi tokopedia jelek parah !!! perusahaan besar rekomendasi kurir jelek bangat !! jelek pengiriman nya lama bangat, makin tunggu makin lama, kalau complain disuruh tunggu 4hari lagi. alasan alamat lengkap suruh update lagi.!! basi banget alasan nya. padahal produk tertera alamat lengkap gitu. bukan sekali 2 kali belanja online lo !!!! parah.",1,Negatif
"lebih prioritaskan untuk ekspedisinya si cepat express paket cod mudah return, enakan pake antaraja, kalo paket cod luar jawa return payah.",1,Negatif
"sekarang kalau checkout kadang kalo pake promo suka dibatalkan sistem, padahal gua rasa udah ikutin tatacara nya. semoga kedepannya lebih perbaiki lagi.",1,Negatif
sangat membantu membeli pelatihan.. sangat membantu menambah ilmu.. terimaksih tokopedia sukses selalu..,5,Positif
"pikir 2023 makin baik, ternyata sama aja. barang telat kirim, komitmen tiba ubah seenaknya. minta cancel gak bisa. cs lemot yang dulu..gak berubah.",1,Negatif
zonk. aplikasi nya yang pernah transaksi token listrik transaksi pertama menggunakan promo yg (katanya pernah dipakai).biaya penangganan 1000 biaya jasa tapi pelayanan zonk . cashback yg jarang seringnya cashback masuk transaksi selesai (ngapain bilang ada cashback kalo ternyata zonk). harusnya bisa ada review jasa ekspedisi (bukan cuma toko dan barang) . buruk sekali berkembang malah mundur mutunya,1,Negatif
"harga barang =1.458.800 biaya layanan =21.890 biaya lain"" =461.990 total yg dibayar =1.942.680 parah nih aplikasi mau cari untung sana sini 🤦🤦.. semenjak kerjasama ama gojek jdi gini aplikasi biaya lain"" sampe ampir stengah jt tuh biaya apaan, dikira aku bodoh kali drpd aku rugi mnding uninstal aja lah,toh banyak marketplace yg laen.. bt yg nya awas hti"" kejebak sama aplikasi.",1,Negatif
pihak tokopedia kalo tiap pihak tiga/ekspedisi kasih ruang tersendiri. memberikan poin2 tertentu pihak ekspedisi selaku kurir. spt contoh memberikan ruang berdiskusi/chat langsung ada permasalah pengiriman. memberikan penilaian/rating ulasan usai pengiriman selesai. menjadi pertimbangan kedepan nya para pengguna tokped yg hendak memilih kurir. rasa dgn cara spt kinerjanya ekspedisi akan lebih baik.,4,Positif
"sekarang pembayaran cod jadi bisa padahal penjualnya tersedia pilihan cod. kita pilih pembayaran, pilihan cod ada",1,Negatif
"baru beberapa hari telat bayar gopay laternya n itupun baru pertama kalinya jg telat malah langsung dibekukan limitnya padahal dendanya ku bayar jg, udah kalau lu seenak²nya kedepannya aku bisa jg seenak².",1,Negatif
"rekomendasi pembelian receh. dalam jumlah jutaan, lebih baik dipertimbangkan. meminta menghubungi tokopedia care dihubungi itu? belanjaan senilai jutaan dihilangkan kurir. komplain tertulis estimasi pengembalian dana tanggal 29. berganti bulan ada pengembalian. tanya tokopedia care 3 hari (rabu, kamis, jumat) ada jawaban. harusnya konfirmasi kalau estimasi sesuai. tidak profesional. uninstall tokopedia",1,Negatif
"sekarang transaksi tokopedia jadi biaya transaksinya. ditambah voucher ongkir cashback dapat pake bersamaan. makin kesini makin mengecewakan. ditambah pihak ekspedisi buruk, barang hilang, barang sampe dibilang diterima pembeli, yang paling sering pengiriman lambat. sekarang tambahan lagi, jasa aplikasi... wow makin kesini bener2 makin parah.",1,Negatif
"halo tokopedia, kasih saran fitur tambahan? nama akun tokped redi, saran saya, bisakah menambahkan fitur "" harga turun "" di item wishlist? misal setting, beri pemberitahuan harga dibawah 1,5 juta item yg saya tandai.",5,Positif
"baru jg co sekali krn udah lama belanja disini, pesanan dibatalkan sistem krn pelanggaran s&k, kok bisa! mending balik lg toko oren",1,Negatif
tokopedia aneh melakukan pembayaran beberapa menit dibatalkan alasan yg jelas hal belum pernh pakai tokopedia sebelumnya karna pengguna baru,1,Negatif
"aplikasi belakangan entah ya jadi banyak bugs, biaya layanan dinaikkan kualitas aplikasi kalah shopee. sudahlah maps pernah tepat, seller responsif, ditambah sekarang panggilan telepon driver pengantar paket penerima bisa terhubung. 4x mengalami gangguan ini, mau ditambah berapa banyak biaya layanan aplikasi bener? biaya aplikasi, biaya layanan, asuransi, jaminan ready stok yg jelas gunanya. payah ...",1,Negatif
"aplikasi bagus, banyak gratis ongkir kek aplikasi sebelah. kalo disini suka kasih kupon diskon! mantap lah",5,Positif
"pembeli malah jadi bimbang gara"" pihak ekspedisi lama ngirim.padahal beli toko bagus.jadi males belanja disini.udah komplain tetap barang gak dikirim.",1,Negatif
"dulu pas biaya gono gini positif thinking tokopedia mau berbenah hal pelayanan, ternyata sama aja bahkan lebih parah sebelumnya.. #sapx setara spx#",1,Negatif
"penggunaan mudah, proses pembayaran memakai apapun mudah juga, menyenangkan belanja lewat tokopedia, terima kasih",5,Positif
terus terang sangat kecewa atas pelayanan tokopedia beberapa kali transaksi bayar batalkan sistem..apalagi mau dibeli betul2 sangat butuhkan....tolong kedepannya jangan mudah membatalkan pembayaran batalkan sistem... juga baru transaksi tapi tetap di batalkan sistem...ternyata gak niat perubahan dapat komplain..sangat2 merugikan..,1,Negatif
"entah knp aplikasi go pay later cicil sdh gak kebuka sejak update gabung menjadi 1 dg pay later cicil,yg malah sy bayr tagihan melalui çustomer care va bca tp sy gak tau benar2 real gmn krn gak datax,selama pmbyaranx trasparan tp sejak gak byr tagihan melalui aplikasi go pay later cicil krn aplikasi yg eror,tagihan ku tiap bln sy mbyar malah makin naik pdhal sdh gak pernah belanja mggunakan go pay later pun cicil,sy merasa rugikan",5,Positif
"jangan belanja tokopedia, barang sesuai penjual susah banget buat upload video komplenannya, chat cc tokped nya langsung tidak solusi",1,Negatif
"ribed sistemnya, udh dr thn lalu mau menghubungkan toped dgn gopay aja gk bs2, ktnya sistem error...masa tdk perbaikan. trs klo refund jg ribed. ongkirnya jg muahal.😓",1,Negatif
"tambahan video pendek gak berguna, tambahkan opsi menonaktifkan fitur video pendek. lama lama kayak toktok semua hadeh",1,Negatif
"total biaya layanan sama jasa aplikasinya melebihi toko sebelah. total biaya layanan dimasukkan invoice. jd merugikan katika belanja utk kebutuhan kantor reimbus nya jd sesuai invoice dgn yg real dibayarkan. kalo sekali belanja sih masalah 3rb. kalo 30x belanja dlm sebulan? 90rb tidak diganti kantor kalo setaun hitung aja sendiri kerugiannya. terus cashback tidak digabung dgn free ongkir. haduh, biaya layanan meningkat, kualitas malah menurun.",1,Negatif
tokopedia bagus dulu sering sekali belanja tokopedia skg gk cod sangat sedihhhh di perbaiki yh saya mau belanja tp gk cod 🥲,4,Positif
"paket tak diterima pembeli tp update kurir sisetan diterima,respon dr topedpun memuaskan...2 kali bahkan.ajukan banding tp minta upload bukti seolah2 paket sdh diterima...apa yg mau sy upload kalo paketnya sy terima ha......mikir....mangkanya sertakan nomor hp kurirnya histori pengiriman,biar sy maki tu kurirnya diantar paket sy itu....pengiriman pake asuransi tp gk gk faedahnya no garansi.mending kalian hps aja asuransi pengiriman.",1,Negatif
"pernah melanggar syarat ketentuan, akun terdeteksi melanggar tidak menggunakan promo. kecewa saya. layanan cfs lama banget responnya👎",1,Negatif
"pengguna baru, data lengkap isi tiba2 pesanan dibatalkan otomatis sistem, ribet bnget",2,Negatif
pertama transaksi aplikasi iini dikecewakan saat hpir 3 minggi barang blm datang.. nyangkut expedisi selama 2 minggian... parah..,1,Negatif
"aplikasi jarang banget gratis ongkir minimal 0 pesanan, gratis ongkir ada syaratnya, jadi wajar peminat aplikasi kurang",2,Negatif
"menu dropshipper mobile aps ada, update terbaru . adanya malah dekstop aps litenya parah",1,Negatif
"banyak penjual tiba² membatalkan transaksi berakhir saldo masuk tokped, jadinya kepotong admin ngga dapet apa². diperbaiki",1,Negatif
enak sih belanja tokped dapet diskon 100% sayang kalo vocher pulsa & tagihan kadang suka bikin ribet pembayarannya diluar ovo gopay. coba cara pembayarannya bikin ribet bakal langgan ditokped,2,Negatif
semakin update ko makin jelas pengiriman paket udah tpi status paket di jalan proses pengiriman:v,1,Negatif
"tokopedia keseringan update, bosan update toko pedia waktunya lama. akhirnya copot pasang aplikasi tokopedia sering.",1,Negatif
"aplikasinya makin koplak, mentang2 pake gratis ongkir pengirimannya jadi ampas mulu, paket dipingpong mulu hub kurir status pengirimanya diulang2 mulu tiap hari kekirim2 sampe sekarang 😪 usah ngasi promo gratis ongkir kalo niat ngasi fasilitas bener, ngescam doang namanya. sejak gabung ama gojek kok makin koplak terus sih astaga 🤦‍♂️",1,Negatif
"proses penarikan dana refund lama banget 4 hari cs sangat slowrespon bahkan terkesan menghindar. chat cs aplikasi tokopedia, chat cs fb maupun ig sama aja. awal respon pas dikasih tau masalahnya langsung ilang. dichat gak pernah dibales. mau minta uang sendiri serasa ngemis. nominal lumayan banyak uang customer heyyyyy!! balikin",1,Negatif
barang hilang dilakukan dana refund tidak perkembangn 2 bulan padahl.sangat kecewa baru padahl transaksi 2 mengunakan tokped malah ini,1,Negatif
ui nya makin smooth mudah digunakan. navigasinya jadi makin enak dilihat.,5,Positif
"sangat mengecewakan. pesanan sering dibatalkan system dgn alasan yg tdk masuk akal. t&c lebih diperhatikan lagi, banyak yg merugikan pembeli",1,Negatif
bisa buka produk lewat link di perbaiki. coba hubungi cs tokopedia jawabannya muter2 tidak membantu,1,Negatif
"pengiriman jakarta bandung terlama, toko udah kirim tanggal 28 perkiraan tanggal 30. udah tanggal 30 aja tempat sortir, malah mundurin jadi tanggal 5 🤦‍♀️. kecewa berat",2,Negatif
"kecewa ongkir pake paling mahal, berharap kiriman cepat karena barangnya mau dipake.. eeh barangnya malah hilang.. kurirnya si cepat",1,Negatif
"aplikasi nya kebanyak an update susa bukak nya makin lama makin susa aplikasi para bukan mau maju mala makin mundur, lebih baik pindah apk sebelah",1,Negatif
voucher php! dikasih diskon voucher minimal belanja rp 0. udh seneng tpi pas pembayaran dibatalin sistem... jdinya dana dikembalikan lewat dana tokopedia padahal bayarnya lewat bca jdinya gbs dikembaliin mau sms nomor satuny udh gak aktif tpi daftar tokopedia 👎,1,Negatif
"langganan plus bisa pilih kurir, dapetnya kurir ampas, lama nyampe.",2,Negatif
"aplikasi sangat membantu memudahkan untuk mencari barang, fitur filter lokasi pengiriman cepat menjadi fitur favorit untuk mendapatkan barang cepat",5,Positif
"berhenti lah menggunakan tokopedia, belanja barang dibatalkan sepihak, uang dikembalikan dpotong 1000 rupiah, tak jelaskan di potong tokopedia, dasar aplikasi mau cari untung sendiri.",1,Negatif
"sekarang mau belanja disini ribet banget sih, verifikasi akun gojek, gopay yg nya.. mau beli coil vape aja gak (karna barang 18+).. padahal data diri diakun udah jelas ada.. makin kesini makin ribet nih tokopedia..",2,Negatif
"tokopedia lama lama sangat jelek malah kurir nya sangat lama semua gak cepet,apa anterin ja hancur lembur pakek kurir sangat lama apa jne jnt, gak bakalan kirim sama sekali",1,Negatif
"sekarang kualitas mulai nurun, pake biyaya jasa aplikasi segala jadi over budget, katanya buat kualitas user lebih baik, nyatanya gak terasa apapun, ada hasil check out makin banyak berdasarkan jumlah pembelian lagi. lebih suka sistem tokopedia versi zaman bahula zaman minimal 10.000 bebas ongkir & bisa digabung vocer lain, sangat membantu pengguna, lha sekarang pilih satu. jujur sekarang parah dah daya minat belanja online ku luntur drastis",2,Negatif
bintang 3 dulu. mitra expedisi tokopedia (jne) selalu selalu mengecewakan. edited : jadi bintang 1. karna jawabanyya robot. mau saran malah disuruh hubungi tokopedia care.,1,Negatif
"tokopedia salah satu aplikasi belanja sering gunakan,karena selalu memberikan kenyamanan pengguna,aplikasinyapun gampang gunakan selalu banyak promo""",5,Positif
"parah returan 5 hari pick up, malah pembeli yg bebanin, kesalahan penjual kirim barang bisa di pake. gimana sih tokopedia malah pembeli di rugikan",1,Negatif
"buat kritikan epedisi,kadang barang suka lempar,membagongkan!saking mau cepetnya maen lempar,dahal taru aj gak usah di lempar,kcwali gak masuk pagar.",4,Positif
"user interface paling nyaman digunakan, kekurangannya cuma promonya aja jarang-jarang😭",5,Positif
"tombol selesai belanja di geser sedikit penempatannya, biar tertekan sengaja, minimal kasih opsi pertanyaan tambahan !!!",4,Positif
"returnya ribet ruwet.. kesannya kayak melindungi penjual nakal.. beda sama si orange.. yg penting bukti falid, penjual setuju.. beres.. ini, penjual setuju,bukti lengkap..masih ribet, mana kena ongkir retur lagi, si orange mahh..retur gratis!!!",1,Negatif
hapus fitur kurir rekomendasi..!!! selalu mmbuat pengantaran brg jdi terhambat kurir yg sering ganti2. klo udh dpt ekspedisi id express. beeeh bikin kesel.,1,Negatif
"respon yg mengenakan pihak tokopedia pihak yg jual , sekarang minta uang kembali ada respon udah hampir 1 bulan , bener2 tokopedia tidak profesional",1,Negatif
lama banget prosesnya udh bayar di konfirmasi nya lama banget nunggu pickup nya lama banget..cuma beli satu barang 6hari datengnya,1,Negatif
komplain barang diterima detik gak pengembalian dana...uda diluar waktu batas menunggu jauh..hubungi cs yg bukan robot juga kesulitan..gak kayak lazada..,1,Negatif
"sangat buruk,, kurir rekomendasi jelas,, lacak di posisi itu...chat di balas...belanja online pilih shoppe/ yg saja jangan toko pedia",1,Negatif
"halo server tokopedia sekarang lambat sekali ya? buat munculin produk aja lama, padahal internet kencang lho, perbaiki dulu ya",2,Negatif
"jujur aku sebenarnya pengin pakai selalu tokopedia asli indonesia kalah sama orange, orange luar pulau jawa aja cod. tokopedia kapan...",1,Negatif
"aplikasi semakin berat, loading lama. sering stuck gk jelas. bnyak bintang 2 tpi rating ulasan kok 4.6... aneh",1,Negatif
hihi terimakasih tokopedia atas voucher up to 40k nyaaa senantiasa mampir akun ku ataupun bbrp akun user lain. berguna bgt buat beli snack barang keperluan pribadi. top markotop dulu deh tokopedia 🌟💘,5,Positif
"tak kasih bintang 5 min.. semoga kartu kredit yg ajukan setujui, bisa gunakan perbelajaan di tokopedia truzz",5,Positif
"is realy cool, senangnya berbelanja menggunakan tokopedia penawaran terbaik aman bertransaksi.",5,Positif
"tokped gaje bikin darah tinggi, buka fitur aja ngga bisa, nunggu seharian ngga kebuka buka tu fitur njir, kesel bgt gua, apk sebelah aja fitur nya saking banyak nya ngga super lelet kek eluuuu",1,Negatif
awalnya bintang lima tokped pakai kurir pengiriman. sendiri jadi lama banget nya rekor tanggal 9 agustus 2023 sampe tanggal 13 agustus 2023 barang jalan2 kecewa berat pelanggan lama,1,Negatif
"baru aja kemarin dapet voucher potongan, waktu pembayaran tapi selang beberapa jam malah saldo dikembalikan juga voucher jadi hangus",1,Negatif
diperbaiki performa ui nya sangat lemot pindah2 menu tidak kayak marketplace sebelah smooth banget,1,Negatif
"2023.. banget sekarang tokped... postigan 2022.. berat banget aplikasinya.. baru x nyoba tokped.. beda sama apikasi sebelah lebih enteng, ayok improve lagi.. semangat",5,Positif
"gratis ongkir ny terlalu banyak syarat ny. blum voucher lain, sekarang hanya pakai tokoped cari barang kalo udah ketemu langsung chekout orange.",1,Negatif
voucher digunakan pesanan dibatalkan sistem terus voucher nya ilang.. semua mengalami kan t**k layanan tambah mahal wajarlah kan mau gulung,2,Negatif
"waaahhh .... pembelian pertama dibatalkan. alasannya sistem. voucher diskon gak balik juga.... penipuan cara halusss.... 😁😁😁👎👎👎 takut bangkrut, semua ditupui",1,Negatif
"apk kocak masa pas mau pilih pembayaran sinyalnya malah ngelag,sedangkan pas main tiktok,youtube,ml,ff lancar² aja",2,Negatif
"dulu kasih 5 bintang, sekarang 2 bintang aja tokped biaya layanan, biaya aplikasi, biaya jasa udah kaya toko sebelah. udah gitu kalo pembatalan saldo refundnya berkurang 1000 padahal dibatalkannya penjual ya tetep aja pengurangan, setiap pembatalan selalu gitu padahal gak jadi belanja. ditambah tokped sekarang pengirimannya lama. ditingkatkan pelayanannya, kalo untuk saldo refund gak usah pengurangan gak jadi transaksi.",2,Negatif
"aplikasi ecommerce yg paling sering gunakan, simpel, ringan utk dioperasikan kemudahan utk berbelanja apa saja.",5,Positif
"force close lihat trx berlangsung, ketika lacak kiriman. bug nya parah.",1,Negatif
pesan kapan datangnya kapan tokopedia lama sekali pengiriman lebih 7 hari . bahkan 10 hari gila bener e-commerce,1,Negatif
"aplikasi paling g jelas. ngadain promo hadiah cashback. transaksi malah casback g cair. alasan melanggar poin m no. 9. disuruh jelasin melanggar snk apa detailnya gak jelasin. gak niat. mending beli toko oren, ada diskon 300rb jelasnya. jancoxxx tokped",1,Negatif
mantaf tinggal perjelas lokasi lacak kiriman soal nya susah mau lacak kiriman gak tau mana gak keterangan jelas toko sebelah terus jasa kirim nya telat kiriman 3 hari gak sampai.,5,Positif
mantap opsi kurir yg kurang bersahabat harganya. ongkir mahal dg tokopedia market seblah ongkr sangat membantu. somga jdi bahan pertimbagan utk market tokopedia. terimakasih,4,Positif
"sangat membatu, lebih ditingkatkan masalah pembayaran penarikan, lebih dipermudah simple",4,Positif
sya perhatikan pengiriman terlambat.. estimasi pesanan jg berubah ubah...alamat toko jakarta pengiriman balikpapan.. sdh 9 hari sampai.. estimasi sdh berapa kli berubah.. trkhir 7 smpai 12 september..padahal kemarin 7 smpai 11...,2,Negatif
tokopedia kapok jual barang luar jakarta. tokopedia gak membantu sm sekali saya penjual. sdh jelas unit yg sy jual pemakaian pribadi normal sehat ke pembeli mati rusak. gimana ceritany. tokopedia minta bukti per unit foto video. orang jual barang gak bakal mikir ksn. tiap jual dh jual rugi makin rugi. kapok lah jual online. mnding cod langsung.,1,Negatif
"keren sangat, mudah digunakan. saja beberapa kali ngebug not respon. overall keren.",5,Positif
"aneh banget sih gunanya kupon diskon buat apa kalo pake gak bisa, mau beli pulsa liat diskon lumayan dong dipake ,saya udah top up sesuai total harga terakhir yg di diskon pas bayar berhasil tuh berapa detik kemudian transaksi dibatalkan otomatis ,saya coba sekali kupon ada coba dong e ternyata sama aja transaksi dibatalin , kalo gak niat ngasih diskon ngapain coba ditampilin , pas pesen mah giliran udah dibayar batal sendiri payah",1,Negatif
"itu virtual assisten tanya ganti orang beneran aja, komplain barang gak sampe gak solutif sama sekali!",1,Negatif
"aplikasi tuh udah bagus,saya memberikan 4 bintang dulu di tokopedia tidak cod, sudah cod kasih bintang 5",4,Positif
akhir2 ini.. pick up barang lelet deh..gak segera pickup sellernya....ampun deh...lama2 pindah toko sebelah...kalo tetep spt ini...,1,Negatif
"ngasih promo buat akun baru eh udah seneng cuma bayar 10k tau taunya orderan dibatalin alasan manipulasi... la w manipulasi darimana, terus coba checkout promonya udah ilang sebenarnya iklas sih ngasih promo",1,Negatif
"toped makin lama makin buruk,gratis ongkir bisa gabung dgn cashback sering sekali nge freeze ngelag ,dibanding jauh toko orange apli lancar dibuka tdk ngelag",1,Negatif
"aplikasi aneh suka kebanyakan syarat ketentuan niat ngasih diskonan pilih pilih akun, alesan melanggar syarat ketentuan prettt.... akun udah belanja bertahun tahun tiba2 banned dianggap keterkaitan sama akun lain.",1,Negatif
gua pesan parang dh 4 toko dh gua bayar duluan tpi toko respon.. kasih teguran buat toko nya blok toko nya. bikin kcewa sangat kcewa toko terakhir pesanan d proses tpi brg tida ada sy kena tipu.. kembalikan uang sy,1,Negatif
"pernah co gatau selalu dibatalkan sistem, padahal bayar walaupun dana dikembalikan saya kecewa karna jadi tidak nyaman, saat saya gatau",2,Negatif
"tokopedia menahan saldo penjual notabenya pantas demikian, rekomended seller. akhirnya paham saham goto anjlok, dzalim seller. barangkali pegang saham disini, simaklah",1,Negatif
"belanja pakai gratis ongkir, kesabarannya ditingkatkan...!!! udah hampir seminggu sampai"" sekarang alasan operasional, padahal kemaren libur....anjg!",1,Negatif
"haha cuma suami bikin akun baru & belanja, tau-tau dibatalkan otomatis yg katanya manipulasi data. jadi kalo istri udah punya akun tokped suami gaboleh ya? tantang sertakan buku nikah cs berani bales, minta solusi tidak bales. aduh ternyata e-commerce paling buruk, cod gabisa, segalanya dibuat ribet. mending shopee,lazada/tiktokshop kemana-mana pantesan org beralih yg ternyata begini sistemnya? promo banyak tp useless yg terakhir kalinya download tokped",1,Negatif
"gimana sih tokopedia,seenaknya mengubah estimasi tibanya...seharusnya tiba tanggal 12,eh malah notif perubahan estimasi tiba jdi 13-16...",1,Negatif
gak recomen susah.. jualan upolad poduk susah.. sekali a ordeean pake kurir rekomendasi tapi rekomendasi 3 hari barang gak pikup kurir a expedisilain aja bolak balik pikup gak masalah👎👎,1,Negatif
fix bug terkadang aplikasi nya running background menggunakan 12-15% cpu membuat handphone panas boros baterai,4,Positif
plisss lah tokopedia kalau pengirimannya milih..atau usah kerjja sama ekpedisi anteraja ...bikin lama pengiriman . bnyak komplain...,2,Negatif
klw toko tutup ..barang ada toko tsb gak di beli plus barusan aja aku alami...barang dijual bnyak palsu..toped melindungi penjual..jdi mnding jngan beli disini,1,Negatif
sms kode otp pernah masuk? jadi tidak login akun padahal nomor nya aktif terus tidak ada opsi kirim wa saja!!!,1,Negatif
penguna aplikasi untuk bayar tagihan wifi tetapi tertera biaya admin setelah check out terdapat biaya pelayanan sungguh aneh lebih baik bayar tempat ketimbang bayar aplikasi,1,Negatif
huhu tokopedia jadi lemooooooooootttttt.... mau buka itu nunggunya lamaaaaaaaaa... nggk kyk sebelum2nya....tolong dong segera diperbaiki...kan jadi males buka2 produk&beli klo loadingnya lama,2,Negatif
tokopedia saran aku jangan terlalu sensitif jadi aplikasi 1 alamat bisa digunakan utk 1 akun kalau lebih bakal batalin. bukanya kalau 1 rumah misal punya tokped semua lebih bagus? makin banyak penggunanya. utk cs aplikasi responya sangat lambat berbeda admin/cs twiter selalu sigap menagapi memberi solusi. aneh emang bintang 100 cs/admin twiternya,5,Positif
sih tokophp bukan tokopedia karna sering php in beri voucer malah bisa gunakan mau gunakan malah stok ada. komplen cs guna,1,Negatif
"bagus banyak pasang iklan sosmed banyak promo, diskon gratis ongkir penuh. diam-diam menghanyutkan 😁",5,Positif
maksudnya apa ya. beli pulsa uda bayar via bca tp disitu pembelian berhasil? kalo kaya gini caranya namanya duit ilang pulsa melayang! gak pikir panjang uninstal langsung,1,Negatif
"barusan penjual tokopedia jual hp sesuai spek, mau komplain upload foto video tdk bisa, gagal terus",4,Positif
"ekspedisi rekomendasi pilihan toped bisa diganti, barang pernah sampai, hak nya dapat, uang tidak",1,Negatif
"voucher diskon 30k dibatasi penggunaannya,jika 1 rumah lebih 1 orang yg pakai vocer 30k dgn alamat yg sama,maka otomatis batalkan sistem.sangat berbeda dgn shopee,vocer diskon 30k bebas digunakan hari tdk dibatasi.kereen emang si shopee🥳",1,Negatif
"aplikasi online shopping beragam fitur memudahkan melakukan segala jenis kegiatan pembayaran, pembelian masih banyak lagi. pasti nya sangat mudah gunakan 👍🏼",5,Positif
kasih diskon. giliran diambil pemesanan .pas dklik loadingnya lama bgt parah. abis udah bisa d pake lagi. luarr biasa..,1,Negatif
buat tokopedia jangan beri gratis ongkir meskipun hari ulang tahun. kalo sekiranya barang gac nyampe pembeli sesuai estimasi. kasian pembelinya. krn kurirnya kadang sembarangan. terutama daerah madura. barangnya sering kesasar. kalo barang mati mendingan di tunggu. tp kalo barang hidup ikan hias. apa gac rugi pembelinya .,1,Negatif
"fitur isi ulang e money. sebaiknya dihilangkan saja. sudah 2 kali isi semuanya bermasalah. pertama 3 hari baru saldo masuk. kedua belum masuk2. harus nginap tol sekarang saldonya gak terisi gak bawa cash. rest area sudah lewat jauh. adminnya gak menyelesaikan masalah. kalau gak siap bikin fitur gak usah bikin. dah bakar duit investor banyak, fitur gak beres.",1,Negatif
"update baru jelek banget ini. feed nya maksa ke ""untuk kamu"" dulu, bukan yg difollow. warnanya tidak nyambung tema feed tau2 jadi hitam. mana modelnya jadi scrol2 kaya ig, mendingan yg sebelumnya.",1,Negatif
"aplikasi rusak, padahal pengguna baru,masa beli barang notif chekoutnya ada barangnya hedeeehhh praah ni aplikasi nyesel instal,tolong diperbaiki min ada korban lagi🙏",1,Negatif
"tokopedia bagus si orange, saran manajemen goto fokus aja gratis ongkir semua pembayaran usah promo lain² endors kemana². yuk saham goto 2000/lot & marketcapnya meningkat",5,Positif
klo voucher banyak buat pengguna baru pemesanan batalkan. padahal uda cekout batalkan. apa takut rugi ya.. trus voucer pengguna baru hilang setelah di batalkan,1,Negatif
"kok makin buruk aza y？？？ ganti no hp persulit, nanya cs yg jawab robot jd gak nyambung. belanjaan batalin alasan pelanggaran. kalau semua persulit buat apa lg pake tokopedia",1,Negatif
"semakin gak jelass!!!!barang hilang pengiriman penyelesaian setengah bulan blm selesai"",,pihak tokopedia ngulur"" waktu yg gak jelas ngembali'in dana konsumen penjualnya kapan..alasanya investigasi kurir trus!!!!masalah uang receh acah gak kelar""!!apalagi uang nominal besar,bisa"" tutup mata!!!!",1,Negatif
"alhamdulillaj, adanya tokopedia card menjadi lebih mudah buat nyicil barang di butuhkan. terimakasih",5,Positif
"tokopedia care nya pake robot, pengiriman sangat lambat tak solusi tokopedia care.",1,Negatif
"cekout pakai dana ,,kemudian batalkan sistem lalu saldonya konfirmasi jadi saldo tokopedia,,di mohon kalau pakai dana kemudian refound kembalikan saldonya dana bukan jadi saldo tokopedia",1,Negatif
"pesanan sering dibatalin alamat sama istri (dianggap bikin akun lain). namanya suami istri pasti alamat rumah sama lah, aneh. komplain direspon. padahal pake tokped 2015. uninstal aja lah kecewa!",1,Negatif
akhh..parah nih aplikasi ny.. skarang berat banget.. lemot.. n suka back sendiri.. suka freeze..jadi.males cari² barang.. buka aplikasi aman² ja.. hadeuhh jd menghambat..,1,Negatif
"klaim ongkir ribet amat. pake ktp. males banget dah..kaya antri sembako aja.. produk yg diretur jadi pembeli tanggung. barang yg rusak penjual jd pembeli yg direpotkan. ongkir awal beli gak diganti, eh.. ongkir retur jg jd sy yg tanggung. jd buang buang duit dah ditoped",1,Negatif
soal pengiriman logistik baru sangat lambat sesuai estimasi selalu perpanjang berasa kaya beli dri luar negri,1,Negatif
"sebagai pengguna baru sangat kecewa pesanan pertama dibatalkan tokopedia, alasan yg jelas...ini pengalaman tidak mengenakkan , sangat ribet menyita waktu...tolong apk nya d buat se simpel mungkin....kasian penjualnya kalo d batalkan jadi gk laku jualannya...thanks..",1,Negatif
"kasi kolom penilaian jasa pengiriman/kurir jangan penilayan toko saja,, terkadang barang tujuan lama terkendala jasa pengiriman",1,Negatif
"pelit promo, promo pengguna baru potongan ongkir 60k cuma satu kesalahan bayar langsung dibatalkan sistem. bagus sih proteksinya dihitung pernah belanja itu yang membuat promo pengguna barunya hilang. kali minimal 2x promo pengguna baru potongan ongkir 60k nya biar menghindari hal semacam ini. pengalaman belanja pertama tokopedia jadi buruk.",1,Negatif
"toko pedia semakin terapdet semakin karuan, cek ongkir semakin karuan, barang di cek sama barang dipesan jauh sekali. semakin kecewa toko pedia,",2,Negatif
"udah lama gak belanja ditoped eh pas mau belanja pakai vouchenya dibatalkan sepihak toped dibilang penyalahgunaan bla bla bla, orang mau belanja bukan mau nipu, payah sistemnya",1,Negatif
toped memberikan promo akun2 tertentu aja ya?? soalnya toped ko g da tumpuk promo. istri belanja minyak toped seharga 35 rbu krn tumpuk promo jd 6rbuan hrgnya nah g bsa padahal sebelah2an megang hp. toped istri sama temen2nya g ada. apa krn sblmnya saya pernah kasih rate jelek toped jd di blacklist ya?wah mantap sekali toped klo bner gtu. udh kaya pbvsi. abis rivan ngritik trs g dipanggil timnas voli.,1,Negatif
"aku udah bagus banyak voucher diskon gede barang nya kurang banyak pilihan, semoga makin banyak penjual jual tokopedia✨",5,Positif
"aplikasi tipu2, katanya utk pengguna baru beli brg seharga rp. 1000 trus bayar rp. 1 dpt pulsa seharga 5000. ehh tau nya bsa alesannya digagalkan sistem",1,Negatif
"lama gak belanja pakai toped, krn mls skrg mahal, giliran mau belanja krn promo hanya menarik pembeli sj ternyata giliran dipakai auto batalkan sistem, padahal akun sblmnya pernh mslh gk melanggar s&k. chat live jg blsnya sangat lama, solusi. udah grts ongkr tidak bisa digabung dg promo, banyak skali biaya tambhan lainnya, pengiriman sangatt lama, pilih belanja ditoko sebelh dehhhh",1,Negatif
tokopedia udah kyk dulu lagi.. banyak biaya jelas saat promo... udah transfer malah pengiriman lama.. jadi males pakai aplikasi nya.. mending toko sebelah jadi nya.,1,Negatif
"kecewa transaksi gagal / berhasil saldonya kembalikan, ketika komplain nomor transaksi di refund berbeda nomor transaksi yg gagal",1,Negatif
"estimasi waktu kedatangan bertambah otomatis kompromi pembeli. kurirnya yg lelet diganti dong. masa murah murahan, datangnya lama?",1,Negatif
"tokopedia parah nih , udah belanja udah dibayar tinggal pengiriman malah dibatain sistem , jangan kaya gini dong nyusahin bukanya mempermudah. sebell",1,Negatif
"perbaiki, 1alamat 4 akun, 1 keluarga adik ortu, sodara banyak, jadi kalau promo, cuman di pake 1 , jadi percuma belanja di tokopedia",1,Negatif
"selama pengiriman halu halu si cepat.co m ada tokopedia, aku mau pesan barang situ lagi, pengiriman halu halu paling lambat kayak 🐌",1,Negatif
"masak voucher gratis ongkir jarang sih,,, diskon belanja gitu ngk jadi belanja malah voucher hangus,, banyakan update mulu prasaan mending beli aplikasi online lah",1,Negatif
"tdny langganan d toped ini,,tapi sekarang pembelian hrs bayar aplikasi,,promonya gk menarik..harga2 lbh mahal dr yg sebelah.. gratis ongkir min hrs 50 rb..jd nambah pikir2 lg belanja d sini...kalau dr hp satunya download toped d cancle pembelianny ..wah msh banyak keluhan lainnya",1,Negatif
aplikasi sangat buruk ribet..ga kaya shopee.lazada...coba contoh lazada kan gampang mudah pesan...amit2 banget si ribetnya..,1,Negatif
e-commerce macam apa ini? barang estimasi datang tanggal 22 samapai tanggal 25 gak datang mau komplai katanya belum melebihi estimasi. estimasi tanggal 22 diundur jadi tanggal 27. gak ngotak emang. pantesan sepi. liat aja kalo pesanan udah datang langsung uninstall aplikasi e-commerce gak jelas!,1,Negatif
"tokopedia kebanyakan robot, tadinya berpikir tokopedia profesional, mau return barang tidak berfungsi, sangat ribet pusat resolusi ujung-ujungnya dimenangkan penjual kita pembeli sangat dirugikan, dipaksa menerima barang tersebut, gak gunanya pusat resolusi dipermainkan admin tokopedia",1,Negatif
"bikin jengkel..setiap chating penjual pihak tp selalu menolak dg alasan"" pesan mengandung kata yg di ijinkan...padahal isinya ; maaf mo nanya gan..dari semua barang mana yg paling is the best...(3x ditolak) lama2 pindah aja laah toko online lainnya...kecewa",1,Negatif
"sangat kecewa tim marketing tokopedia, iklan yg muncul beberapa aplikasi game sangat mengganggu tombol silang ditekan, setiap iklan tokped bisa keluar selalu diarahkan masuk apk, padahal sudah lama pakai tokped sgt mengecewakan terjadi ratusan kali !",1,Negatif
"memungkinkan buatkan khusus ulasan ngulas soal pengiriman, klu barang bagus selalu terkendala pengiriman kan nda enak kasih bintang 3 saat ngulas barang yang penjualny bagus gara² kendala kurir",5,Positif
"dapet diskon dipembelian pertama bela2 in top up eh dana kembalikan rugi sama adminya 2500, alasannya memenuhi syarat hubungi cs yang balas bot otomatis gk dapet solusi malah makin bingung cs bot gk usah pakek cs sekalian",1,Negatif
semua lapak menjual vapor/rokok elektrik selalu lambat/tidak merespon pesanan. mohon berikan semacam peringatan mereka!,2,Negatif
"belanja toko pedia lebih mudah, cepat nyaman barangnya bagus kualitas terjamin sangat memuaskan... silahkan buktikan, terima kasih berbelanja toko pedih, satu set sampe deh barangnya",5,Positif
"susah klaim asuransi. katanya sih gratis biaya pengiriman kalau retur. pas mau retur, cancel terus sama pihak kurir. emg niat aja ngasi asuransi. ujung-ujungnya disuruh kirim sendiri. kalau mau klaim dana asuransi susahnya minta ampun. aja masalah itu, kalau udh disetujui, ditunda"" terus pencairannya. tokopedia care responnya cuma bot. engga ngasi solusi yg jelas. asuransi payah, tokopedia care sama payahnya. ☺👌",1,Negatif
tokopedia sekarang kok malah lemot ya? masuk aplikasi saat penggunaannya lama sekali sering loading terkadang error,1,Negatif
"kelemahan belanja tokopedia,disaat menggunakan kupon bisa melakukan cod...jadi kupon bermanfaat buat yg suka cod.",2,Negatif
udah top up saldo buat belanja. ternyata belanja pertama dibatalin ma sistem. aneh,2,Negatif
app baik respon cepat. semoga tokopedia mensukseskan indonesia. ayo ramai ramai pakai tokopedia aman terpercaya.,5,Positif
"tokopedia memberi kemudahan dlm beli pulsa, listrik, pdam, internet. tokopedia terpercaya banyak promo🥰 makasih tokopedia banyakin promo diskonnya khususnya pembayaran",5,Positif
transaksi kalau pakai diskonan tersedia gagal. gak niat banget ngasih diskonannya.,1,Negatif
leletnya minta ampun boss...tidak dahulu selalu lancar jaya..tolong perbaiki kembali lancar jaya nih aplikasi tokopedia.,2,Negatif
"sering muncul bug pembayaran membuat stuck, freeze gak di apa apain force close",2,Negatif
tokped loading lama sekali.mau pembayaran lama sekali.tolong diperbaiki bisa bersaing toko sebelah.,1,Negatif
"pertamakali beli, bener2 apes, ekspedisi bertanggung jawab, proses reffund sangat mangkrak, duit gabalik2 udh hampir 1 bulan",1,Negatif
force close aplikasi dlu baru lanjut pembayaran..mohon perbaiki bugsnya terima kasih,4,Positif
pesanan batalin otomatia padahal bayar masukin email dong sudah pesan dri tanggal 10 memang sdh di kembalikan uang nya tpi lah butuh barang,1,Negatif
"ga jelasss udah bayar , udah sukses tiba2 batalkan sistem , uang tarik susah gangguan mulu...!!! 😡😡😡😡",1,Negatif
"respon penjual lambat, ketersediaan stok jelas, ada nomor wa penjual, pengembalian dana sangat lambat",1,Negatif
gimana sekarang mau ganti kurir biasany enak kok sekarang sulit banget ganti kurir dan seharusny kan harus cocok sama expedisi di tentukan,1,Negatif
fungsi verifikasi ektp apa kalau pembelian produk² tertentu (khususnya 21+) gak lewat aplikasi & lewat web 😓😓,4,Positif
kalo gangguan minimal kasih notif lah ege. orang mau chekout pulsa malah jadi muter-muter doang,1,Negatif
"kocak, akun dah dihapus bisa regis pake email yg sama. kaya shopee, email & no hape bisa dipake kalo udah delete akun.",1,Negatif
"war tipu tipu, masa udah ditungguin pas udah jamnya, sampe semenit barang udah habis, gimmick sih boleh, nggak gini",1,Negatif
mantap banyak voucher nya. cuma sayang kurir rekomendasi nya lelet. bebas ongkir kaya dulu cepet pengiriman nya,5,Positif
"edit : juli 2023 beli barang hari kamis , hari jumat baru diambil sama kurir , hari sabtu minggu gak antar . hari senin baru nyampek . kejadian gak sekali kali terjadi . jadi males beli tokopedia. mohon diperbaiki . edit : oktober 2023. ekspedisi gak bermutu jangan direkomendasikan app min tambah ekspedisi lagi . tiap sabtu minggu paket gak di antar . gak pakai gratis ongkir lho .",1,Negatif
"teks ""mandiri atasi masalah #karenan kamu solusinya, chat penjual yg jawab robot, gmana penyelesaian masalah nya?",1,Negatif
"pesanan tiba2 dibatalkan sistem, lalu uang bisa ditransfer rekening😭",1,Negatif
"sungguh sungguh parah udah pesen dibatalkan sama sistem, pas pesen gratis ongkir nya hilang tokopedia sangat sangat parrrrrah 👎👎👎👎👎 nyesel sdh download kalau bintang minus kasih bintang nya minus 100",1,Negatif
"min kan pengguna setia gopay cicil,nah tiap mau lihat total harus dibayar aga ribet. dong kasih filter misal tagihan bulan oktober rp ..... tagihan bulan november rp .... sama kasih detail tagihan misal rp 90.000 item apa kita beli, soalnya temenku sering nebeng gopay cicil aku sendiri bingung tagihan punya temanku tadi yang mana soalnya gaada nama item",4,Positif
"bayar sesuai ketentuan, malah dibatalin otomatis, malah refund nya pake rekening bank sama gopay plus🥲",1,Negatif
"ngadain promo kok gak niat, tiap dipakai gak berhasil,dana selalu dikembalikan terus,semoga bangkrut punya tokopedia",1,Negatif
aplikasi serba kaya kantong ajaibnya doraemon...semua kperluan barang yg butuhkan selalu ada...mantap...,5,Positif
promo pulsa axis 10.000 rp 10. bayar pake gopay. ko dana kembalikan.itu promo bisa beli emang. udh coba beberapakali juga.hasil teteap sama zonk.,5,Positif
"kebanyakan pelapak pembohong..!! tempo pengiriman order pelapak cukup 2x24 jam aja yg tercancel otomatis dikirim 2x24 jam, jadi pembeli cepat mencari penjual yg jelas pembeli merasa uang digantung!! memberikan panismen pelapak yg menjual barang tidak sesuai diskripsi+tidak berkomitmen+menipu pembeli+asal-asalan..!! aplikasi menguntungkan penjual & pembeli lah, jgn kesalahan yg sengaja dilakukan pelapak pembeli yg rugi ongkir return..!!",1,Negatif
komplain tokopedia care..sicepat..sgm offical store..paket anter jangan investigasi mulu kurir sicepat..nyata nya paket udh criss cross..terus nunggu 15 oktober jelas2 paket udh hilang sicepat...investigasi terus kurir mana malah kurir ny blokir wa saya...tokopedia care balikin gopayleter saya..jangan investigasi mulu nyata gak sama sekali perkembangan...eksipedisi nya bkn sicepat ganti nama silambat super lambat..nyari kurir yg baca alamat,1,Negatif
"makin update makin berat, kadang nge freez, perbaiki tokped biar pengguna nyaman",1,Negatif
"wah ongkirnya gila, pesan masker 53rb ongkirnya 70rb. sungguh kalah jauh dibanding toko sebelah, semoga jawabannya tidak belanja toko sebelah aja",2,Negatif
"pernah beli barang oleh pihak kurir dinyatakan hilang,tapi tetap membayar barang tersebut tidak pemgembalian dana sama sekali.proses complain barang hilang tidak dikirim sangat ribet,lama berbelit belit..sudah sangat lama pakai tokopedia yang sekarang sangat mengecewakan..",1,Negatif
"gratis ongkir gak pilih expedisi, terkahir pesan barang 5 pesanan cancel otomatis pake expedisi anter aja.. parahhh",1,Negatif
aplikasi sangat berguna. baru download mau belanja dibatalin sistem terus. maju.segera nyusul (jd id),1,Negatif
"promo banyak, ui elegan, mudah diakses. kekurangannya pembayaran dana ada",5,Positif
"menjebak pengguna iming2 promo bisa belanja tokopedia, bye tokopedia, menjebak!!!!",1,Negatif
"pelayanan lelet, tokopedia care bisa memecahkan masalah bisa menulis kalimat sendiri.",1,Negatif
sangat kecewa ekspedisi direkomendasikan....pengiriman nya lambat.,1,Negatif
"katanya diskon buat pengguna pertama, transaksi dibatalkan terus terus kupon nya bisa digunain",1,Negatif
"harga terlalu mahal, kebanyakan barang² transfer ada yg cash",1,Negatif
"belanja tokopedia gojek instant susah dapet ongkir gratis padahal sering beli aplikasi ini,trus malah kenap bayaran biaya aplikasi nya.",2,Negatif
pengguna baru knp tidak belanja pengguna baru kecewa daftar,2,Negatif
"klo rating ulas penjual, harusnya rating ulasan kurir, dengan banyaknya jasa expedisi/ kurir, banyak kurir yg kasih keterangan sesuai.. dirumah seharian, keterangan lacak ""nobody home"". jelas merugikan penjual pembeli, brg yg tak kunjung datang oknum kurir",5,Positif
"udah barang ditunda, ditunda masih ngga nyampe 1 minggu, nunggu investigasi kurir 1 minggu, udh hampir 2 minggu ngga update sma sekali, ditarik uang lngsung ngga bisa, pke nunggu lgi, nunggu ngga kepastian, ada tindakan tegas apa gtu buat kurir yg lelet pke banget🥲",1,Negatif
"persaan ongkir disini mahal banget banding shopee, chargo aja sampe 90ribu klw shopee cuma 25ribu lah ngada2 aneh,. toko sama lokasi sama ongkir mahal apakah in!!!",1,Negatif
"mengecewakan iklanya terlalu banyank broser buat kesal ali orang mau belanja malah benci, coba lihat shope beli bagus iklannya gak terlalu menggangu mereka mencari ormbeli bukan memaksa👎",1,Negatif
sangat suka belanja investasi reksadana/emas tokped sangat cepat prosesnya penarikan nya mudah,5,Positif
"voucher diskon gak di pake bener2 gak mau rugi banget tokopedia abis berhenti aja pake aplikasi ini, kapok mending oren aja",1,Negatif
"anjg, lemot banget, update bukannya tambah lancar malah tambah lemot",1,Negatif
"bikin yg versi ringan, hp ram 2 gb gak kuat buat buka scrol scrol bawah liat daftar barang",2,Negatif
apalikasi yg sangat bagus sangat membantu mencari berbagai macam keperluan,5,Positif
"perbandingan ya, toko biru beli barang bawah 5jt bisa cod gampang banget, kok sini susah cari cod",4,Positif
"jelek, ribet, user friendly, micro service nya ribet. flow belanjanya rumit",2,Negatif
pokoknya serba instan keren mudah banget tetap jaga kredibilitas,5,Positif
pengguna baru gak pke voucher malah berubah menjadi 8 ribu rupiah kalo gimmick jangan terlalu terlihat,1,Negatif
"giliran top up cpt cepet, giliran mau tarik susah download fiktur nya susah , sisa saldo buat blnja aja yg batalin sistem lah, yg batalin penjual lah",2,Negatif
"kurir sapx jangan masukkan kurir rekomendasi, parah bangets. barang gak sampe sampe",1,Negatif
terjadi udah empat kali nya isi emoney saldo bertambah sudah update!!!! sekelas tokped sistemnya begini amat!,1,Negatif
"dulu ak pengguna setia tokopedia ahirnya ak beralih lazada sopir krn tokopedia harganya mahal mahal, mungkin potongan tokopedia terlu besar ahirnya seler menaikan harganya alhasil harga tokopedia lebih mahal bnding olensop yg",2,Negatif
"promo pengguna baru dpt digunakan, kecewa sm tokped, mnding e-commerce aja",1,Negatif
"tokopedia pernah membela konsumen, uang keluar, barang jelek, foto dikasih, tp.karema tdk unboxing video keluhan konsumen dianggap gagal. eeehh tokopedia emang duit datang langit ??? cari duit keringat, putar otak, waktu, mau beli barang malah barang jelek, mana tanggungjawab kamu, sebegai pengumpul penjual ??? parah loe, kamu bela yg jual barang, siapa yg bela pembeli ???? parah etika dagang loe. jujur sangat kecewa sama tokopedia, parah",1,Negatif
sangat membantu sekali. banyak promo menarik tentunya gratis ongkir,5,Positif
awalnya bingung menggunakan nya. setelah pelan² dipelajari mudah 👍,5,Positif
"skrg lemah, dlu sangat kencang, fitur2 kecepatannya",1,Negatif
"tokopedia asu, gua mau kirim gambar bukti chat aja disuruh download udah gitu gak gerak2 progressnya.",1,Negatif
bug update. 1. freeze 2. blank putih 3. load lama payah.,1,Negatif
ribet kalau mau pakai cod. cod aktif tidak dapat voucher. semoga cepet tutup lah toped biar penjual ngumpul shopee,1,Negatif
mohon diperbaiki aplikasinya. internet lancar tidak biasa masuk,5,Positif
customer care respon baik komplain.... perubahanjadwal tiba barang sepihak tiba2 ubah...... cukup perlakuan2 kurang mengenakan ini.....,1,Negatif
"sampah .pedagang ramah juga,ribet menunya.",1,Negatif
"udh afknya setiap mau beli pulsa katanya dana saldo gopy di kembalikan makanya coba hapus instal ulang, semoga kali nggk gangguan",4,Positif
toped is the best deh. sekian banyak transaksi lancar semua. proses refund cepat.,5,Positif
"sering voucher gratis ongkir , pengiriman cepat mantappp",5,Positif
"kmrn udh cekout udh transfer, trs dibatalin sistem krn total transfer blm termsk biaya penanganan + biaya aplikasi.. pdhl transfer jg sesuai nominal akun virtual",2,Negatif
"suka tokopedia, untuk daftar sistem paylaternya mudah sekali 😊😊😊",5,Positif
